0 0 70
0 1 43
0 0 64
0 1 56
1 1 0
2 0 32
0 2 9
2 1 60
2 1 86
3 1 80
3 0 57
0 4 80
2 3 89
4 1 93
3 3 5
2 4 77
4 0 95
3 3 50
3 3 47
4 1 51
4 2 26
3 4 50
3 3 22
4 3 14
3 4 29
3 4 23
1 5 31
5 1 76
1 5 50
6 1 36
6 1 0
2 6 52
6 2 53
4 5 57
5 4 56
5 3 45
0 6 6
7 0 77
2 6 89
1 6 30
5 4 16
7 0 5
7 0 65
4 5 54
2 6 81
2 6 57
4 5 83
6 2 38
7 0 97
5 4 42
0 7 51
1 7 48
2 7 61
3 6 73
4 6 50
2 7 39
6 5 24
6 5 35
7 3 12
7 2 40
0 8 18
7 2 98
6 5 3
6 5 17
0 8 85
7 4 79
4 6 97
3 7 50
7 3 33
7 3 95
8 0 65
6 6 9
2 8 34
6 7 9
3 8 40
9 1 96
0 9 18
5 7 76
0 9 58
3 9 16
6 7 15
2 9 70
7 6 71
9 3 1
8 6 22
2 9 10
6 7 65
1 10 13
4 9 86
7 7 21
2 10 85
9 5 15
9 5 21
1 10 15
1 10 11
7 8 27
6 9 4
0 11 50
0 11 24
0 11 26
11 0 37
7 8 57
10 5 35
10 5 3
10 4 47
11 1 37
10 5 62
11 1 71
5 10 52
0 11 55
7 9 48
3 11 77
11 2 2
3 11 41
11 2 58
7 9 98
8 8 73
2 11 17
9 8 22
1 12 86
2 12 91
2 12 74
10 7 21
0 12 33
12 1 77
12 1 96
11 6 77
12 2 53
4 12 12
12 0 90
12 2 62
8 9 52
11 5 8
2 12 7
11 6 84
7 10 89
3 12 69
12 5 46
7 11 38
11 7 77
4 12 67
13 0 85
13 2 71
13 4 38
7 11 0
11 8 22
5 12 22
13 1 38
11 8 6
13 4 36
12 5 0
5 12 15
8 11 82
3 13 38
13 3 47
10 9 70
12 6 82
12 6 45
6 12 61
6 12 64
8 11 44
8 11 47
11 8 91
14 3 85
12 8 53
11 8 81
14 0 86
12 7 99
12 8 30
9 11 65
11 10 45
11 10 10
15 0 78
0 15 71
13 5 53
0 15 16
11 10 8
2 15 57
2 15 82
0 15 38
15 1 37
5 14 44
5 14 76
13 7 77
15 2 67
11 10 83
3 15 0
8 13 0
12 9 17
14 7 14
15 4 95
15 3 64
14 6 21
8 13 73
11 11 7
0 16 72
6 15 86
5 15 82
8 14 75
9 13 51
13 9 11
6 14 29
14 7 38
16 0 48
13 9 24
12 10 88
14 7 16
14 8 45
0 16 75
10 13 31
2 16 27
10 13 28
15 6 27
16 2 81
16 2 94
5 15 29
16 1 61
12 11 33
11 12 10
2 16 65
9 14 16
2 16 41
16 2 77
0 17 40
4 16 43
13 10 57
5 16 89
15 7 45
16 5 15
9 14 18
15 8 18
17 0 34
12 12 27
4 16 91
11 12 70
3 17 54
9 14 48
2 17 85
9 14 4
11 12 93
12 12 98
13 11 68
17 2 66
7 16 80
17 4 52
16 6 32
11 13 42
12 13 98
14 10 86
17 0 73
17 4 77
0 17 11
4 17 54
12 13 89
17 3 55
7 16 16
5 16 80
3 17 16
9 15 20
3 17 55
17 4 56
11 13 62
17 4 92
17 5 50
5 17 26
15 10 77
3 17 10
10 15 40
18 1 9
7 16 36
18 1 34
18 0 60
18 0 12
14 12 67
3 18 73
10 15 17
11 14 66
15 10 48
6 17 34
18 1 25
1 18 62
10 15 1
7 17 94
5 18 69
9 16 20
3 18 92
15 10 88
18 5 45
11 14 51
4 18 1
17 6 64
18 5 51
17 7 27
18 3 54
19 0 55
10 16 5
9 16 81
14 12 7
9 16 24
0 19 62
4 18 18
11 15 15
0 19 52
2 19 55
6 18 55
19 2 91
9 17 54
1 19 13
10 16 33
18 7 7
17 8 64
12 15 93
18 6 33
12 15 92
4 19 12
17 8 67
9 17 37
17 9 57
3 19 30
18 8 95
17 9 19
3 19 52
13 14 82
16 11 76
16 11 89
15 12 67
16 11 83
20 0 99
6 19 5
11 16 25
18 8 60
18 8 47
10 17 50
12 15 73
15 12 8
20 3 47
19 4 95
8 18 57
14 14 68
9 18 4
12 16 24
20 4 22
16 12 78
14 14 92
6 19 53
18 9 88
2 20 13
8 19 57
15 13 46
11 17 90
12 16 63
19 8 22
19 8 83
8 19 59
9 18 87
10 18 19
20 6 67
18 10 79
17 12 19
5 20 95
3 20 82
20 5 38
15 14 44
20 3 57
7 19 28
16 13 36
19 7 61
6 20 31
5 20 93
19 8 25
20 6 87
16 13 68
15 14 15
11 17 53
2 21 42
10 18 15
4 21 20
21 3 19
9 19 16
10 18 43
8 19 85
10 18 85
13 16 81
3 21 53
4 21 67
19 9 89
8 19 74
13 16 9
20 8 88
17 13 88
20 8 95
13 17 45
18 12 57
20 8 32
14 16 74
20 8 78
21 5 53
5 21 23
14 17 49
17 13 99
20 7 16
19 11 2
21 4 14
4 21 80
19 10 10
14 17 10
22 1 54
10 19 91
20 9 12
7 21 85
14 17 25
20 9 23
22 3 65
16 15 51
18 13 4
21 6 9
9 20 71
11 19 65
16 16 35
20 10 64
19 11 84
4 22 62
6 21 8
17 14 60
10 20 57
10 20 33
22 2 13
21 7 33
22 4 40
22 2 12
1 23 70
17 15 17
23 0 16
22 6 85
5 22 44
1 23 59
23 1 50
4 22 55
22 4 22
23 1 58
5 22 71
15 17 18
22 4 99
11 20 8
23 2 64
20 10 53
8 21 77
23 2 60
14 18 79
21 8 20
10 20 80
2 23 37
6 22 0
20 10 80
14 18 7
23 1 23
15 17 29
22 6 95
19 13 19
7 22 3
23 3 39
17 16 80
11 20 41
5 23 7
5 23 81
16 17 26
4 23 95
3 23 1
20 11 41
0 24 85
3 23 2
15 18 19
12 20 97
18 16 58
18 15 63
6 23 62
22 8 94
4 23 46
14 19 6
20 13 92
20 13 57
14 19 64
1 24 49
24 1 26
2 24 42
22 9 43
10 21 70
17 17 76
23 7 75
22 11 17
23 8 0
24 0 58
24 5 53
19 14 67
15 19 68
23 7 47
24 0 35
17 17 12
13 20 24
14 20 1
0 24 46
22 10 19
17 17 4
10 22 11
20 13 47
24 2 35
22 9 36
24 2 3
9 23 53
5 24 56
4 24 43
24 6 9
18 16 69
23 9 74
24 7 60
21 12 77
20 14 73
13 21 91
16 19 3
23 8 11
15 19 93
18 17 98
20 14 38
25 2 28
22 12 48
20 14 20
24 6 74
0 25 8
25 4 97
7 24 21
24 6 8
12 22 60
11 22 37
25 3 30
24 6 47
25 3 21
1 25 71
20 15 88
24 8 68
13 21 86
23 10 15
25 0 72
16 19 34
5 25 87
22 12 15
25 5 3
24 7 37
25 0 93
13 22 63
25 4 43
17 19 8
19 16 10
15 20 53
25 6 20
24 7 98
5 25 29
25 4 0
17 19 62
23 10 35
7 25 26
24 9 78
25 3 76
21 14 48
18 18 12
18 18 18
1 26 53
12 22 70
26 1 41
4 25 56
26 2 74
24 10 88
11 23 43
14 21 57
16 20 93
17 19 59
8 24 63
24 9 88
1 26 89
26 3 69
0 26 85
12 23 14
23 11 9
25 7 56
26 4 59
26 4 32
2 26 47
2 26 71
18 18 32
25 6 50
26 0 82
21 14 47
12 23 9
2 26 32
16 20 4
26 5 27
20 17 10
26 3 70
26 4 43
24 9 92
25 9 55
4 26 31
5 26 75
18 19 82
0 26 78
3 26 11
19 18 51
26 0 18
24 12 21
20 16 18
12 23 60
23 13 62
26 1 44
24 10 86
21 15 48
6 26 75
4 26 3
6 26 22
26 3 99
8 25 74
10 25 28
26 6 35
13 23 1
5 26 21
24 11 59
11 24 13
15 22 11
21 16 85
26 5 20
14 23 1
5 26 33
12 24 4
26 5 2
27 4 45
26 6 71
20 18 73
16 21 66
22 16 70
15 22 48
21 17 43
21 17 13
13 24 79
5 26 65
20 18 25
19 19 64
22 15 77
11 25 93
8 26 28
9 25 28
19 19 84
11 25 38
18 20 49
27 3 0
20 18 89
23 14 70
24 13 52
6 27 19
9 26 92
26 9 23
17 22 55
27 6 52
17 22 85
1 28 56
13 24 70
27 2 34
20 19 47
27 7 51
6 27 56
23 15 63
25 12 70
26 10 46
19 20 66
28 2 98
19 20 41
15 23 95
28 1 90
11 25 14
11 25 6
19 20 50
27 9 58
16 23 5
6 27 55
14 24 5
21 18 42
26 11 36
23 16 13
27 7 45
19 20 78
2 28 42
27 7 81
25 12 39
28 5 42
4 28 34
27 8 68
3 28 33
13 25 86
26 12 2
28 2 7
13 25 60
15 24 18
19 21 57
5 28 77
28 4 94
28 6 64
1 29 75
26 13 8
29 2 4
29 1 71
29 1 71
2 29 69
19 21 68
9 27 17
1 29 9
29 3 98
21 19 86
29 1 57
27 9 42
18 22 0
8 28 61
9 27 76
0 29 98
20 20 50
21 20 35
23 17 26
8 28 65
13 26 39
22 18 25
22 19 4
25 14 62
28 7 41
19 22 0
4 29 29
9 28 78
13 26 55
17 23 77
0 29 19
29 4 96
13 26 56
23 18 92
13 26 27
13 26 92
3 29 23
25 15 28
5 29 40
22 19 17
29 0 27
12 27 24
28 10 74
2 29 2
29 1 46
27 12 33
27 11 74
30 0 32
30 0 40
29 8 4
5 29 86
30 0 88
8 29 56
6 29 98
29 4 82
29 5 90
27 12 48
27 12 8
17 24 48
29 8 53
25 17 70
28 9 96
29 6 90
26 14 26
27 13 37
30 3 99
7 29 49
20 22 69
2 30 46
2 30 64
6 29 94
30 1 50
27 12 74
21 21 10
19 23 85
26 14 13
25 16 55
13 27 63
22 20 37
4 30 34
22 21 91
6 29 1
2 30 41
20 23 27
23 20 36
8 29 67
7 29 69
26 15 52
10 29 82
9 29 42
30 7 35
29 8 58
27 14 31
28 11 7
31 0 53
15 26 12
17 26 66
12 28 0
17 25 67
21 22 60
26 15 8
28 13 67
4 30 55
27 14 12
29 10 65
30 5 55
30 5 44
4 30 56
8 30 27
13 28 74
6 30 24
19 24 92
4 31 86
27 14 38
22 21 66
7 30 74
30 9 26
23 20 26
27 15 72
17 26 7
8 30 0
28 14 42
30 7 61
12 29 47
29 12 68
1 31 64
26 18 95
31 2 44
9 30 76
22 22 15
20 24 15
29 11 22
27 16 98
19 25 17
12 29 4
24 20 96
2 31 57
2 31 65
0 32 97
27 16 81
10 30 14
29 11 63
23 22 59
31 7 93
29 13 67
1 32 95
4 31 44
28 14 31
27 17 31
17 27 4
11 30 36
15 28 85
31 4 20
29 13 79
31 7 66
15 28 3
32 1 80
21 24 53
18 26 60
31 6 75
0 32 4
30 11 83
10 30 35
31 7 91
31 8 4
7 31 85
30 12 73
29 14 16
13 29 9
3 32 44
22 23 12
10 31 62
19 26 98
32 6 92
27 17 34
31 9 48
29 14 28
24 22 80
5 32 43
21 24 7
15 29 70
33 0 16
32 5 16
30 11 89
10 31 1
33 1 24
31 10 91
4 32 35
23 23 33
32 4 60
29 14 73
24 21 76
23 23 64
2 33 81
30 12 81
33 1 53
29 14 40
20 26 82
33 3 74
3 33 9
3 33 56
29 15 82
18 27 77
29 15 17
17 28 5
20 26 50
26 20 98
25 21 3
30 14 63
9 32 71
23 24 40
4 33 70
10 32 30
32 9 15
33 2 44
32 6 44
4 33 3
7 32 90
24 22 66
32 8 53
32 10 11
28 18 31
15 30 74
17 28 96
31 13 74
1 33 18
26 21 65
33 3 93
33 3 33
27 19 21
28 19 60
23 24 68
26 20 35
30 16 6
32 11 36
32 10 15
17 29 91
13 31 51
29 16 59
5 33 65
27 20 13
33 5 50
5 33 95
32 10 92
0 34 53
26 22 59
6 33 7
34 0 35
33 9 79
25 23 37
13 31 69
28 19 80
21 27 94
32 11 29
27 20 7
34 0 35
33 7 69
18 29 80
32 10 16
14 31 6
20 27 62
15 30 29
27 21 79
20 28 92
32 13 2
5 34 60
24 24 85
12 32 90
34 4 29
34 1 14
23 25 1
2 34 49
18 29 93
33 11 72
6 34 67
34 7 14
29 19 46
8 33 84
29 19 91
8 33 26
9 33 15
33 10 61
30 16 33
27 21 92
25 24 46
30 17 38
9 33 43
23 25 26
31 14 34
17 30 48
15 31 56
5 34 24
13 32 0
4 34 50
35 1 93
2 35 70
1 35 14
8 34 57
31 16 89
34 5 5
2 35 13
18 29 70
34 5 65
31 16 24
19 29 9
34 6 62
35 0 14
8 34 10
7 34 87
28 21 75
13 32 86
13 32 46
30 17 75
35 3 88
21 28 81
31 16 47
18 30 38
9 34 96
35 5 48
18 30 1
10 34 94
2 35 86
19 30 96
5 35 84
22 27 80
9 34 64
2 35 44
10 34 58
17 31 40
23 27 58
34 10 85
15 32 32
21 28 93
35 6 42
8 34 2
21 28 44
9 34 52
7 35 27
24 26 17
12 33 10
16 32 13
36 2 80
14 33 78
33 14 65
12 33 75
13 33 39
27 23 69
6 35 29
31 17 47
35 5 41
27 23 71
34 12 67
28 23 75
17 32 71
35 6 32
34 12 55
16 32 64
36 0 98
8 35 17
19 30 98
20 30 48
29 21 77
25 25 21
35 9 54
14 33 67
22 29 55
16 32 90
35 9 32
27 23 61
23 28 0
36 0 80
18 31 10
36 7 61
36 5 98
31 19 81
9 35 16
33 16 67
5 36 14
26 25 2
33 14 87
15 33 96
13 34 59
36 7 90
23 28 29
37 1 93
0 37 49
9 35 29
10 35 43
29 22 92
33 16 32
30 21 54
36 7 34
8 36 96
20 30 92
25 27 42
21 30 58
13 34 92
1 37 90
33 15 44
36 6 93
6 36 42
36 6 35
31 19 12
10 36 59
3 37 37
32 18 64
29 22 87
32 17 58
37 1 15
18 32 85
25 27 45
35 12 88
32 19 54
37 6 27
36 7 64
25 27 77
35 13 53
18 32 85
11 35 37
34 16 51
0 37 90
35 11 28
10 36 79
5 37 10
17 33 7
37 1 50
29 23 23
22 30 4
15 34 12
24 28 58
8 36 53
36 7 16
24 28 67
22 30 12
30 22 35
34 15 63
37 1 1
19 32 62
9 36 78
32 18 74
17 33 13
29 23 96
35 12 22
15 34 5
17 33 41
37 4 48
12 35 0
31 21 6
11 36 86
9 36 84
23 29 84
28 25 52
18 33 7
37 5 43
14 35 98
12 36 10
8 37 8
0 38 47
15 35 5
17 33 82
23 30 8
6 37 48
38 3 6
35 14 77
37 5 85
1 38 35
21 31 34
32 19 33
21 32 15
19 33 18
36 12 32
23 30 68
38 0 60
34 16 62
38 1 10
14 35 22
32 20 59
13 36 93
11 36 55
17 34 43
14 35 63
28 26 10
34 17 66
18 34 37
35 15 70
25 29 92
33 19 25
15 35 66
2 38 92
36 13 14
38 3 43
36 12 10
33 20 58
37 9 62
23 30 67
37 8 24
38 6 33
34 17 53
32 21 59
38 8 0
32 21 41
37 10 65
35 16 71
35 15 28
11 37 98
6 38 45
29 26 33
35 17 91
22 31 22
3 39 90
39 2 99
38 9 25
22 31 99
19 33 48
27 28 81
38 7 72
36 14 14
27 27 3
24 31 79
16 35 55
32 22 94
23 31 57
36 15 77
39 1 52
36 14 70
38 7 75
22 32 75
34 19 57
0 39 20
26 29 3
39 3 11
38 10 94
34 18 30
39 1 14
36 14 2
24 31 41
0 39 10
24 31 32
35 17 71
1 39 6
8 38 53
34 19 89
38 11 16
34 19 65
35 17 50
12 37 74
39 7 92
8 38 64
39 0 30
28 27 73
10 38 24
10 38 87
38 9 15
15 36 73
4 39 57
26 29 33
25 31 29
36 15 41
17 35 63
33 22 88
38 12 30
1 40 77
24 32 87
14 37 77
26 30 66
22 33 31
24 32 57
37 14 55
8 39 72
39 8 90
33 22 10
39 8 87
35 18 73
33 22 86
38 11 7
40 4 98
30 26 29
40 0 78
34 20 9
30 26 96
40 5 35
31 25 1
37 14 70
11 38 23
6 39 20
21 34 60
1 40 31
26 30 0
40 4 65
23 33 2
38 12 45
36 17 48
34 21 12
30 26 82
6 40 61
39 7 25
9 39 93
40 4 72
7 39 39
36 17 32
7 39 41
40 1 68
28 28 80
30 27 29
32 24 96
14 38 90
38 13 31
16 37 55
32 24 8
10 39 43
26 31 96
33 22 14
40 0 19
7 40 15
32 25 90
40 3 68
11 39 97
38 14 22
9 39 71
23 33 64
7 40 17
24 33 6
33 23 11
40 4 11
41 3 21
38 14 7
39 12 92
18 36 97
40 8 48
26 32 47
36 20 92
21 35 85
9 40 92
39 13 77
14 38 51
22 35 11
25 32 55
26 31 5
18 37 0
27 30 88
40 7 29
0 41 10
25 32 52
9 40 29
41 3 50
41 3 80
26 32 1
22 34 82
6 41 47
5 41 90
35 21 81
40 8 57
34 22 66
41 4 82
29 28 5
40 8 52
41 2 68
38 16 63
36 20 30
14 38 80
35 21 68
36 19 97
13 39 17
41 7 17
2 41 99
33 25 42
35 21 80
29 29 84
23 34 43
21 35 7
16 38 95
6 41 18
23 34 93
31 26 47
32 26 75
33 25 47
35 22 14
21 35 30
40 9 28
41 1 85
30 28 31
29 29 15
3 41 51
4 41 25
5 41 95
32 25 26
41 8 83
41 6 19
1 41 67
7 41 85
11 40 95
33 25 56
12 40 9
31 28 32
9 41 64
13 40 82
0 42 52
28 30 26
41 6 60
15 39 36
32 26 91
40 10 11
42 1 76
38 17 66
33 25 27
41 4 30
35 23 41
33 26 78
27 32 75
42 4 67
39 15 6
20 36 45
35 23 44
15 39 53
4 42 46
42 4 66
26 33 19
16 39 64
12 40 50
20 37 6
12 40 34
42 4 22
39 16 24
40 12 70
14 40 98
41 8 23
17 39 49
39 16 68
11 41 11
40 12 10
22 36 93
17 39 6
42 6 14
39 16 13
36 22 41
4 42 71
42 3 95
40 14 81
41 12 46
17 39 99
42 3 54
42 3 88
30 30 66
28 31 14
12 41 63
11 41 1
12 41 15
35 24 90
35 24 29
24 35 76
17 39 71
0 43 93
30 30 74
37 20 19
19 38 3
14 40 14
41 12 1
23 36 88
9 42 22
41 13 8
35 24 36
16 40 12
39 17 17
34 26 44
40 15 93
16 40 33
36 23 74
10 42 51
26 34 44
10 42 14
30 31 57
41 12 97
35 24 56
8 42 11
8 42 55
2 43 96
39 17 8
42 10 81
38 19 48
11 41 75
42 10 65
9 42 69
42 10 45
42 7 25
5 43 46
18 39 22
4 43 29
43 2 18
19 38 48
29 31 76
22 37 94
34 27 6
36 23 37
25 35 95
33 28 83
26 35 56
23 37 34
33 28 58
41 13 41
7 43 81
26 34 4
33 28 69
6 43 71
10 42 26
19 39 80
11 42 78
42 11 21
42 11 90
25 35 77
42 12 0
35 26 55
4 43 60
40 16 41
41 13 89
18 39 79
17 40 98
0 44 40
11 42 58
43 9 64
32 29 55
26 34 94
40 17 6
44 1 20
0 44 14
13 42 56
17 40 61
10 42 86
41 15 11
37 22 75
15 41 89
25 36 86
36 25 6
30 31 58
5 43 78
34 27 97
42 11 24
25 35 10
40 17 46
44 2 19
39 20 74
16 41 19
27 34 21
5 43 5
42 12 4
30 32 7
16 41 66
3 44 67
42 11 6
39 20 46
43 7 51
26 35 42
15 41 52
34 27 33
40 17 52
43 7 28
44 4 41
44 6 86
34 28 89
32 29 48
27 35 86
10 43 23
18 40 96
44 0 0
10 43 50
7 43 38
42 12 49
44 4 72
25 36 16
39 20 40
10 43 43
26 35 81
42 13 11
2 44 42
24 37 49
32 30 42
32 30 70
43 8 74
44 5 72
4 44 60
14 42 2
43 8 84
31 32 65
13 42 58
43 10 63
26 35 71
37 24 85
37 24 71
41 15 64
36 25 49
3 44 81
2 44 61
30 32 88
37 24 16
15 42 53
20 39 80
21 39 8
43 12 35
23 38 69
18 40 98
44 4 46
3 44 18
18 40 40
16 41 47
14 42 17
10 43 54
34 28 48
37 24 39
1 44 74
42 15 16
39 20 45
7 44 70
10 43 58
3 44 31
45 0 15
36 26 19
40 20 79
44 3 44
43 12 86
26 36 46
1 45 1
41 17 11
42 14 44
37 24 92
32 31 41
43 12 70
44 8 55
19 40 13
45 3 43
35 28 23
44 5 39
14 42 85
15 42 73
40 19 23
44 8 69
41 17 68
45 2 43
33 30 12
44 8 37
32 31 99
44 6 41
37 26 46
22 39 24
25 37 14
39 21 77
19 41 43
43 12 75
24 38 20
25 37 27
15 42 62
45 5 47
23 38 67
44 10 45
11 44 47
42 15 49
36 27 24
37 26 4
34 29 93
32 32 65
39 22 22
45 6 2
23 38 48
32 32 99
3 45 56
8 44 44
3 45 64
45 3 12
16 42 82
28 35 32
38 25 62
3 45 76
11 44 56
27 36 10
12 43 46
30 34 95
31 33 9
8 44 75
23 39 22
41 18 65
25 38 20
3 45 7
26 37 15
30 34 44
38 25 66
29 35 50
45 4 85
4 45 51
45 9 99
41 20 1
42 18 52
19 41 74
5 45 22
46 1 29
42 17 23
15 43 1
41 19 52
39 24 33
4 45 60
45 4 99
41 20 57
45 7 7
1 46 21
4 45 67
38 25 67
46 4 32
5 45 93
41 20 52
44 12 7
36 28 85
28 36 93
12 44 55
10 45 52
25 38 70
36 28 4
43 14 73
44 11 15
25 39 26
45 8 89
9 45 97
12 44 40
13 44 24
46 2 62
25 39 29
31 34 25
36 28 31
26 38 30
38 25 34
42 17 26
26 37 64
30 35 7
6 46 37
22 40 93
44 14 61
38 26 30
41 21 44
44 12 53
46 2 78
43 16 60
40 22 64
45 12 36
33 32 34
19 42 70
31 34 91
17 43 70
40 23 84
23 40 30
45 9 88
17 43 17
29 36 26
6 46 29
1 46 24
41 21 87
45 9 72
2 46 76
28 37 86
30 35 31
46 2 1
44 14 68
18 43 13
10 45 5
13 44 23
41 21 24
43 17 17
46 8 79
43 17 18
29 36 35
36 30 41
46 3 46
16 44 59
44 16 14
18 43 77
38 26 77
40 24 82
1 47 11
41 21 66
39 26 49
38 27 98
46 6 58
19 43 94
47 4 53
28 37 11
16 44 46
30 36 58
9 46 53
30 35 63
46 6 80
27 38 72
1 47 92
32 34 54
12 45 22
47 5 35
28 37 59
47 3 97
25 39 36
47 4 80
32 34 36
47 2 36
44 15 44
39 25 20
17 44 31
8 46 84
29 37 67
46 11 70
44 16 7
45 13 8
0 47 28
10 46 42
44 17 78
45 13 27
46 9 44
47 3 38
34 32 17
22 42 53
25 39 17
38 28 89
11 46 22
30 36 35
46 8 23
10 46 35
13 45 3
15 44 7
46 10 31
45 13 96
4 47 46
41 22 1
28 38 64
30 36 83
46 12 26
6 47 89
25 40 63
36 31 88
27 39 98
46 9 62
15 45 86
13 45 26
47 2 22
47 5 89
8 47 10
4 47 56
34 33 97
35 32 53
45 15 25
47 2 0
46 12 45
47 7 72
11 46 81
42 22 21
39 27 23
44 18 22
44 18 86
34 33 86
38 28 74
45 14 69
18 44 11
46 11 68
44 17 14
28 38 73
46 11 54
44 17 30
1 48 11
42 22 50
21 42 41
47 8 14
10 46 18
24 41 10
40 26 54
46 11 33
40 26 17
0 48 33
8 47 74
40 26 4
38 28 4
30 37 37
47 6 84
45 16 65
31 36 49
40 26 41
18 44 84
47 8 25
42 23 66
46 12 73
42 22 65
27 39 56
16 45 29
13 46 71
27 40 52
3 48 99
23 42 36
44 18 48
42 22 94
47 10 93
24 41 38
30 37 10
30 37 52
46 14 22
20 43 56
23 42 89
0 48 50
4 48 4
42 23 68
33 35 55
20 43 54
48 5 98
39 28 68
31 37 28
37 30 47
33 35 67
7 48 78
47 12 46
20 44 23
36 32 88
44 20 80
38 29 69
47 12 55
44 18 46
10 47 46
30 38 17
29 38 92
24 42 18
42 24 82
21 43 64
21 43 53
12 47 46
34 34 47
34 34 75
30 38 24
38 30 94
42 23 10
28 39 62
16 45 73
6 48 30
48 4 86
43 23 44
25 41 9
44 21 90
47 11 14
46 15 31
45 17 6
26 41 4
33 35 75
48 5 56
46 15 93
35 34 57
46 16 14
35 33 55
36 32 5
34 35 63
12 47 82
29 39 40
44 20 45
47 12 75
11 47 40
43 23 61
35 34 58
48 6 58
3 49 22
48 4 49
14 46 99
45 18 33
44 21 11
11 47 9
44 21 12
47 11 85
3 49 60
28 39 13
7 48 23
1 49 20
19 45 72
36 33 63
36 33 84
49 4 37
45 20 15
6 48 75
46 16 65
32 37 34
47 14 69
14 47 29
8 48 36
8 48 89
16 46 87
46 18 89
49 0 6
47 13 7
32 37 81
39 29 57
47 13 81
18 46 55
30 38 59
9 48 41
1 49 32
40 29 76
46 17 56
47 14 50
44 22 87
18 46 98
36 34 92
8 49 96
34 36 95
20 45 46
4 49 31
47 14 62
41 28 85
20 45 71
46 18 46
48 9 72
38 31 85
49 6 56
49 9 25
34 36 66
49 6 94
49 3 49
43 24 65
2 49 38
45 21 34
27 41 17
31 38 50
40 29 5
38 31 24
31 39 35
39 30 17
40 29 12
27 41 4
45 20 70
22 44 27
41 27 41
29 40 3
1 50 33
45 21 70
0 50 34
44 23 71
49 8 17
19 46 42
42 27 46
29 40 8
43 25 65
4 50 95
4 50 43
45 21 97
49 6 52
47 15 35
50 3 88
12 48 25
41 28 49
46 19 57
24 43 17
10 49 47
45 21 61
47 17 49
42 27 70
42 27 28
3 50 22
11 49 68
43 25 88
50 4 37
46 20 92
38 32 14
6 50 38
31 39 75
14 48 0
1 50 21
34 36 5
50 3 39
32 39 93
1 50 19
6 50 36
17 47 17
18 47 12
49 10 34
36 35 35
49 11 34
29 41 88
35 36 34
9 49 99
50 0 99
42 27 71
43 25 29
43 26 9
28 42 58
10 49 44
44 25 61
48 15 79
37 34 30
13 49 98
39 31 16
47 17 77
29 41 82
39 32 24
22 45 20
2 50 34
50 7 12
31 39 71
48 15 10
32 39 56
50 3 61
34 37 31
42 28 30
28 42 16
32 39 95
48 16 97
3 50 6
50 6 27
32 39 93
7 50 15
4 51 3
50 7 17
27 42 61
50 8 24
51 0 41
47 18 67
49 14 70
40 31 92
24 44 36
50 5 87
11 50 91
37 35 20
21 46 23
51 0 62
6 51 95
49 14 24
48 15 19
43 27 89
50 11 10
34 38 26
14 49 49
51 2 85
17 48 14
45 23 75
9 50 66
14 49 42
6 51 51
0 51 95
7 51 90
38 34 17
19 47 99
49 14 49
51 3 50
41 31 57
39 33 14
20 47 32
22 46 58
51 7 75
33 39 63
32 40 89
13 50 78
51 5 60
8 51 57
19 47 14
34 38 88
48 19 94
30 41 64
20 47 60
24 45 30
39 33 62
11 50 77
45 24 66
50 11 26
51 5 23
40 32 78
22 46 83
13 50 62
26 44 54
45 25 3
6 51 97
50 12 19
34 38 83
46 22 10
23 46 97
16 49 27
48 19 27
48 19 78
2 52 99
52 0 92
48 19 68
47 20 30
43 28 93
6 51 34
49 17 85
8 51 99
31 41 93
7 51 54
52 4 69
44 27 26
47 21 69
19 48 31
36 37 69
52 0 75
44 28 96
12 50 57
11 50 37
15 50 68
51 6 24
39 34 29
52 1 66
3 52 11
49 17 9
51 11 63
46 23 10
5 52 50
52 6 35
26 45 29
20 48 91
13 50 97
17 49 3
21 47 28
45 26 22
51 9 71
38 35 71
18 49 33
47 23 63
44 27 44
0 52 54
30 43 40
20 48 98
52 7 16
35 38 13
49 17 81
48 21 96
23 47 88
29 43 71
48 21 23
36 37 89
51 10 9
52 8 66
19 49 11
42 30 61
42 31 59
32 41 42
40 33 4
52 7 7
21 48 15
48 21 28
31 42 15
26 45 81
7 52 29
47 23 82
17 49 97
9 52 51
33 41 43
27 45 9
39 34 68
7 52 65
11 51 57
19 49 54
33 41 23
39 34 79
11 51 37
49 18 84
5 52 22
33 40 0
28 44 4
46 24 81
25 46 11
52 10 58
52 6 26
51 12 75
35 39 8
51 11 46
12 51 6
22 47 87
30 43 56
39 35 26
44 28 25
29 44 11
53 1 32
47 23 30
53 3 82
50 17 8
38 36 71
50 16 90
20 49 42
23 47 17
53 0 73
16 50 21
50 16 47
50 17 34
45 27 99
52 11 40
45 27 74
30 43 79
20 49 66
19 49 30
53 0 57
44 29 3
45 27 26
51 13 66
35 39 47
29 44 65
6 53 1
14 51 14
50 18 74
49 20 72
26 46 29
41 33 35
25 47 62
28 45 26
50 17 25
32 42 44
44 30 25
12 52 21
52 9 1
51 14 66
33 42 99
1 53 73
23 48 72
52 10 19
37 38 64
29 44 72
45 28 26
53 4 78
53 8 63
53 4 30
52 11 52
52 8 4
44 30 17
26 46 59
13 52 52
47 25 34
32 43 57
21 49 36
21 49 16
48 24 1
11 52 89
49 21 51
48 23 38
7 53 50
47 26 24
42 32 80
14 51 37
48 23 6
48 23 38
44 30 8
15 51 19
52 12 6
51 15 54
53 8 82
50 19 80
46 27 53
2 53 79
31 43 70
25 47 22
53 3 60
20 50 12
45 28 19
53 3 38
33 42 98
38 38 74
42 32 34
12 52 98
54 0 13
12 52 82
51 15 92
53 4 13
3 54 76
51 15 18
11 52 22
53 8 81
17 51 41
51 17 58
32 43 99
53 11 61
53 8 18
16 51 26
54 5 27
43 32 41
52 12 51
54 2 79
31 44 77
52 15 84
53 7 97
18 50 25
24 48 43
48 25 8
40 35 93
6 54 92
48 24 28
15 52 68
52 13 42
44 31 69
43 32 37
6 54 17
24 48 98
27 47 37
53 11 93
48 25 30
44 31 97
28 46 99
48 25 41
51 18 5
18 51 85
41 34 25
43 33 61
44 31 4
41 35 4
10 53 69
50 20 67
49 23 53
28 46 74
21 50 91
48 25 41
15 52 52
18 51 34
26 48 17
5 54 10
52 14 55
54 7 6
54 0 78
40 37 20
36 40 85
38 39 36
54 7 63
0 54 94
29 46 10
6 54 67
0 54 82
17 51 71
10 53 9
26 48 70
54 2 6
47 26 32
39 38 61
39 38 92
28 46 16
18 51 27
25 48 28
48 26 21
14 52 85
54 9 89
33 43 43
52 17 15
37 40 25
2 54 71
25 48 96
27 47 92
49 24 98
11 53 77
52 15 7
45 30 17
51 19 98
54 4 29
5 54 93
17 52 98
54 9 74
8 54 73
43 33 39
15 52 47
15 52 66
37 40 79
52 17 72
6 54 76
24 49 34
41 36 51
6 54 18
55 3 58
14 53 56
50 22 70
52 16 23
4 55 95
7 54 24
29 46 86
54 6 82
41 36 0
54 11 43
4 55 76
3 55 59
54 7 98
49 25 63
26 48 72
45 31 46
33 43 99
55 2 36
53 14 39
53 13 80
41 36 61
20 51 91
54 11 62
42 36 80
5 55 61
41 36 25
48 27 50
1 55 99
47 28 88
22 50 70
7 55 87
55 1 9
14 53 53
30 46 59
52 19 22
44 33 72
55 7 27
34 43 11
36 41 76
31 45 42
44 33 31
19 51 87
50 22 16
53 14 24
5 55 67
44 32 49
49 25 6
30 46 99
51 21 10
55 2 44
32 45 73
52 17 69
47 29 9
23 50 66
55 8 81
45 32 98
18 52 81
42 35 87
54 10 8
23 50 37
53 15 21
6 55 52
49 26 96
34 43 15
50 22 28
15 53 12
13 54 28
13 54 55
50 23 21
47 29 24
7 55 86
22 51 95
13 54 13
2 55 9
11 54 72
50 24 36
55 2 12
46 30 49
46 31 83
6 55 20
25 49 71
31 46 3
52 19 44
16 53 4
52 20 74
42 37 38
17 53 21
24 50 98
54 14 24
56 3 42
53 18 78
55 4 2
54 15 70
13 54 15
47 29 5
50 25 53
19 52 42
3 56 63
33 44 57
11 54 67
44 33 2
56 1 8
6 55 95
32 46 3
54 15 59
6 55 57
22 51 55
50 24 24
53 17 19
21 52 42
3 56 95
25 50 38
2 56 8
50 25 21
8 55 81
49 27 67
43 35 87
23 51 13
21 52 74
39 40 65
16 54 10
14 54 76
55 12 90
44 35 86
12 55 97
33 45 37
56 0 71
52 20 33
27 49 17
49 28 73
9 55 35
14 54 44
5 56 36
56 2 14
56 6 13
20 52 72
16 54 84
56 3 24
13 54 94
2 56 68
22 52 12
10 55 93
47 31 58
2 56 63
56 1 73
1 56 75
38 41 28
30 48 57
56 1 75
45 33 21
11 55 63
4 56 77
49 28 57
56 6 40
16 54 48
39 41 11
30 47 51
36 43 15
20 52 71
8 56 82
56 7 30
0 56 39
42 37 69
56 8 13
44 35 93
55 12 35
14 55 58
47 30 37
41 39 33
11 55 86
38 42 40
56 0 61
49 27 14
52 22 33
2 56 74
52 23 48
46 33 72
29 49 0
57 0 1
29 48 41
19 53 68
56 7 85
56 3 94
54 18 5
46 32 0
56 9 98
25 50 70
22 52 14
38 42 49
43 37 61
45 34 55
12 55 26
55 15 87
28 49 20
49 28 77
28 49 84
32 46 22
36 44 70
11 56 49
29 48 51
44 35 82
33 46 42
22 52 66
38 42 94
10 56 77
48 31 95
50 27 62
9 56 53
37 43 92
52 23 44
16 55 98
26 50 34
34 45 55
55 15 64
26 51 52
57 1 88
56 9 90
3 57 59
9 56 91
29 49 14
57 4 0
49 29 42
57 5 41
16 55 66
54 19 11
14 55 44
5 57 72
57 1 53
33 47 61
57 3 1
44 36 88
52 23 50
38 42 15
31 48 29
53 22 91
54 18 7
57 2 24
57 2 52
49 29 10
33 46 14
42 38 62
13 56 85
55 16 26
25 51 32
41 40 27
38 42 74
54 20 54
9 57 7
8 57 12
40 41 5
45 35 86
40 41 74
2 57 76
27 51 11
41 40 18
23 52 69
4 57 74
41 40 30
12 56 50
31 48 62
34 46 70
50 29 68
30 49 18
16 55 57
57 9 28
8 57 7
4 57 26
35 46 1
40 41 19
54 19 81
15 56 79
13 56 85
57 9 40
8 57 17
46 35 38
38 43 40
37 44 70
50 29 7
57 7 59
51 27 85
52 25 32
16 55 62
58 1 71
2 58 66
50 29 63
10 57 94
7 57 67
11 57 58
2 58 95
1 58 72
42 39 22
28 50 60
24 52 4
4 58 46
54 20 42
9 57 23
53 24 19
32 48 41
23 53 17
58 4 96
41 41 90
58 1 59
58 0 5
18 55 26
58 4 94
56 15 54
45 36 10
23 53 82
53 23 50
32 48 47
10 57 32
23 53 57
36 45 36
18 55 53
49 31 55
50 30 57
13 57 86
3 58 30
0 58 37
15 56 6
19 55 23
57 12 96
55 18 22
23 53 33
23 53 73
0 58 66
31 49 19
36 46 71
57 12 58
58 5 6
56 17 61
58 3 5
58 9 42
58 4 80
1 58 96
49 32 13
28 51 12
20 54 5
55 19 24
1 58 14
8 58 36
33 48 88
56 17 94
47 35 84
50 29 6
43 40 28
49 31 76
40 42 39
14 57 90
53 24 59
50 30 51
39 44 21
46 36 37
10 57 29
39 44 12
56 17 77
49 32 48
54 23 2
12 57 7
56 18 91
36 46 88
11 57 20
51 29 40
33 48 75
28 51 28
11 58 78
51 29 3
49 32 27
22 54 80
57 14 23
16 56 65
12 57 63
7 58 57
13 57 68
55 20 97
0 59 56
40 43 66
53 25 23
12 57 28
6 59 14
20 55 51
33 49 52
52 27 88
33 48 26
39 44 31
7 58 17
18 56 94
36 46 87
26 53 66
58 12 77
21 55 86
58 11 24
23 54 18
56 17 10
40 43 4
31 50 39
49 33 85
32 49 6
59 2 55
12 58 74
59 5 83
32 50 78
50 32 51
56 20 48
59 6 86
12 58 48
26 53 55
45 38 54
19 56 45
58 11 47
54 24 12
36 47 97
15 57 70
5 59 57
55 21 65
19 56 27
57 15 27
2 59 67
59 8 32
32 50 76
44 40 92
38 45 36
9 59 76
46 38 93
50 32 57
56 20 68
42 41 65
21 55 94
24 54 50
2 59 73
47 36 92
20 56 27
54 25 89
4 59 41
45 39 87
26 53 58
23 55 95
51 30 69
0 60 79
52 29 66
8 59 85
5 59 58
1 60 64
3 59 65
58 12 47
59 7 91
38 46 53
59 6 94
32 50 61
55 23 87
35 48 39
60 1 27
27 53 45
20 56 50
47 36 21
59 10 83
43 42 17
10 59 99
26 54 47
48 36 93
60 3 88
58 15 4
56 21 57
0 60 80
33 50 48
31 51 67
23 55 43
60 3 98
15 58 86
45 39 11
26 54 60
58 14 62
13 58 98
15 58 15
59 10 15
19 57 87
34 49 50
35 48 18
44 41 64
58 16 50
43 41 62
59 11 38
52 29 58
52 30 1
20 56 45
57 18 59
29 52 16
7 60 99
26 54 18
12 59 98
11 59 97
26 54 13
55 25 7
30 52 66
43 42 17
60 1 48
24 55 86
57 19 95
12 59 32
59 12 19
53 27 93
19 57 2
58 15 42
54 27 16
53 28 39
8 60 73
33 50 60
58 14 30
55 24 6
49 35 10
52 30 33
58 16 16
20 57 29
44 41 65
58 18 49
51 32 10
29 53 28
51 32 65
54 26 98
43 42 3
27 54 7
40 45 63
60 4 57
45 41 81
26 55 87
9 60 7
6 60 99
10 60 66
30 52 61
45 40 18
56 21 13
18 58 22
23 56 34
60 10 85
19 57 66
38 47 82
60 11 84
51 32 38
55 26 18
6 60 7
56 22 10
37 48 81
32 52 90
50 34 50
55 26 67
61 5 5
38 47 87
42 43 2
7 60 93
48 37 30
20 57 76
44 41 85
27 54 39
60 11 65
60 8 44
20 57 59
60 7 50
30 53 39
42 44 13
49 36 1
12 60 19
61 2 47
58 18 50
44 42 63
10 60 44
39 47 61
57 20 42
52 32 77
51 33 56
59 15 28
61 6 60
46 40 98
14 59 39
61 4 19
55 27 17
51 34 34
30 53 45
8 61 49
3 61 42
59 15 4
46 40 53
10 60 75
59 14 57
59 16 40
50 35 1
55 26 66
56 25 42
60 12 59
54 28 18
61 4 63
33 52 33
52 32 62
40 46 31
30 53 49
25 56 75
60 11 96
54 28 9
50 35 2
26 55 12
15 59 58
1 61 37
48 38 13
51 34 62
47 39 39
37 49 62
44 43 9
60 10 82
18 59 2
17 59 69
0 61 63
36 50 99
45 42 72
42 45 83
60 12 6
61 10 5
39 47 23
53 31 93
46 41 82
49 36 12
5 61 96
19 58 58
41 46 12
39 47 25
56 25 76
0 62 26
24 57 36
55 27 38
9 61 5
62 3 10
7 61 85
46 41 74
60 15 98
23 57 92
62 0 34
10 61 70
3 62 51
23 57 3
33 52 79
36 50 43
10 61 66
55 27 13
11 61 71
16 59 2
40 47 92
38 48 1
41 46 45
19 59 77
57 22 75
33 52 69
43 44 38
29 55 15
38 49 54
31 53 75
39 48 70
36 50 63
39 48 23
32 52 96
15 60 78
60 14 51
62 6 34
4 62 29
9 61 34
12 61 3
5 62 82
29 55 99
55 28 58
50 36 12
52 34 53
27 56 94
9 61 45
47 40 96
23 57 55
50 36 4
44 44 30
51 34 61
1 62 46
53 32 91
61 9 41
60 17 79
40 47 37
43 44 4
27 56 80
30 54 34
51 36 50
15 60 30
1 62 87
59 20 12
56 26 50
56 27 63
11 61 86
62 1 53
8 62 0
62 6 16
0 62 15
24 57 80
23 58 14
26 56 69
29 55 21
42 46 60
62 9 11
49 38 69
58 22 15
58 23 2
59 20 78
58 22 67
6 62 3
52 34 4
54 30 27
59 20 31
8 62 93
13 61 73
38 49 4
15 61 40
29 55 8
56 28 77
62 5 86
40 48 62
0 62 49
62 3 10
7 62 28
56 28 19
45 43 5
27 56 35
60 19 91
15 61 89
14 61 56
51 36 79
38 49 95
0 63 97
4 62 28
14 61 8
59 21 17
57 25 51
44 44 94
60 19 84
18 60 7
53 34 72
17 60 14
22 59 22
63 0 20
34 52 10
49 39 59
26 57 57
15 61 4
62 7 68
5 63 9
36 51 27
0 63 15
47 42 8
53 34 7
6 62 48
8 62 56
60 19 86
15 61 74
10 62 90
43 46 23
58 24 12
26 57 47
50 37 31
31 55 12
42 47 0
62 7 1
50 37 3
28 56 70
9 62 70
61 16 53
63 6 96
63 1 19
8 62 30
47 41 0
4 63 20
60 19 77
61 15 0
34 53 12
53 34 0
24 58 5
60 19 7
36 51 63
55 30 6
62 9 52
33 53 0
30 55 34
13 62 24
23 59 19
57 27 98
42 47 69
60 18 70
60 19 67
61 17 84
49 40 36
50 39 5
50 39 42
22 59 43
24 58 21
46 43 10
51 37 86
63 5 6
50 39 7
36 52 29
55 31 12
0 63 31
37 51 14
54 33 45
63 8 26
30 55 1
22 59 49
48 41 12
39 50 68
60 20 49
61 17 87
44 45 75
57 27 67
63 6 32
57 27 68
63 4 57
21 59 48
2 63 13
51 37 10
63 9 14
50 38 84
38 51 32
63 9 61
30 56 2
63 9 16
63 10 88
42 47 16
49 39 63
32 54 53
57 27 5
9 63 84
63 3 47
17 61 87
39 50 77
12 62 98
26 58 87
2 63 16
50 39 63
64 2 5
37 51 49
0 64 26
35 53 77
5 63 89
35 53 14
48 41 87
55 32 94
34 53 71
2 64 91
16 62 93
43 46 33
32 55 91
21 60 92
63 9 77
61 17 23
56 30 21
60 22 68
47 43 24
43 47 19
62 15 3
22 60 53
52 36 46
26 58 1
61 18 21
60 23 34
20 61 21
28 57 37
64 0 98
62 14 83
64 1 59
64 3 84
62 17 32
62 17 14
3 64 71
9 63 48
44 46 52
35 53 13
15 62 14
61 18 6
60 22 16
0 64 83
18 61 84
36 53 83
44 46 90
16 62 87
50 40 20
0 64 92
64 2 22
62 17 31
32 56 90
64 4 45
12 63 89
61 21 48
40 50 91
19 61 79
27 58 92
42 48 40
46 45 31
45 46 71
41 49 25
23 60 45
41 49 72
47 44 42
6 64 31
64 6 60
1 64 84
35 54 23
64 4 8
54 36 1
58 27 78
56 31 76
0 64 36
9 64 48
64 5 61
53 36 12
64 9 16
51 40 15
29 57 48
29 57 48
64 7 15
63 13 89
43 48 83
57 30 37
25 59 89
54 35 5
55 34 1
41 50 24
63 13 17
21 61 70
64 9 24
5 64 35
36 53 12
26 59 16
51 40 3
45 47 8
22 61 61
13 63 38
16 63 90
35 54 7
31 57 10
63 16 24
40 51 27
6 64 15
25 60 50
63 14 1
64 12 24
53 36 20
65 1 43
65 3 82
19 62 77
3 65 69
64 12 38
1 65 70
44 47 1
63 14 57
47 44 87
64 9 89
4 65 17
65 6 64
61 21 15
51 40 13
38 52 55
21 62 64
20 62 49
45 46 74
14 64 8
42 50 82
64 13 86
32 57 7
54 36 4
25 60 9
19 62 35
56 33 66
65 6 47
34 55 85
56 33 63
46 46 27
54 36 72
43 49 32
59 29 47
62 20 67
35 55 22
64 10 94
6 65 88
64 13 72
63 15 15
19 63 11
65 2 95
3 65 89
24 61 68
58 31 87
63 19 94
65 1 66
44 48 74
56 34 1
59 28 79
36 54 66
11 64 28
23 61 47
26 60 35
63 19 5
24 61 76
62 19 45
34 56 78
65 8 30
66 2 62
56 34 82
6 65 76
11 65 24
52 40 26
64 14 0
65 8 52
22 62 30
34 56 11
66 2 4
31 58 32
51 41 22
42 51 46
66 1 4
16 64 62
59 28 71
42 50 22
50 43 52
17 63 69
41 51 32
63 17 71
24 61 13
65 7 0
33 57 93
30 59 67
8 65 9
60 27 55
6 66 41
52 40 31
42 50 19
30 58 72
53 39 54
3 66 6
12 65 10
0 66 73
65 11 15
16 64 55
65 9 74
63 19 34
33 57 1
65 14 99
61 24 57
55 36 23
34 57 16
60 27 30
66 6 48
60 27 81
40 53 43
66 1 83
30 59 81
34 56 65
57 33 83
65 10 65
60 28 68
66 4 5
15 64 72
35 56 88
44 50 53
20 63 83
10 65 47
52 40 71
49 44 50
55 37 37
19 63 42
63 20 39
27 60 73
27 60 67
66 9 67
65 14 79
42 51 9
22 62 23
62 24 22
22 62 5
62 24 18
64 18 58
46 47 83
20 63 27
63 19 66
65 12 73
63 20 98
59 30 31
9 66 70
64 16 86
31 58 4
46 48 29
65 12 88
66 6 74
63 20 64
39 54 14
42 52 14
43 51 43
49 45 90
44 50 89
66 7 84
63 22 18
66 7 25
56 35 35
33 58 81
7 66 1
24 62 83
51 43 7
54 39 14
66 9 11
67 0 34
24 62 47
56 36 52
41 53 93
65 14 43
54 39 53
65 16 59
62 23 81
62 23 47
65 15 38
17 65 4
44 50 84
56 36 93
48 47 39
61 27 95
38 54 84
62 25 45
26 61 23
54 40 41
19 64 95
42 52 62
25 62 60
64 19 84
8 66 68
30 60 72
41 53 24
32 59 82
48 46 12
66 12 71
67 2 16
67 6 71
62 24 33
63 21 91
33 58 54
51 43 29
54 39 95
66 11 37
58 33 52
43 52 98
55 38 37
7 67 60
43 51 46
65 18 72
14 66 22
40 54 84
59 31 1
29 61 78
67 8 8
1 67 81
10 66 7
29 60 9
61 29 80
67 5 59
64 19 7
2 67 73
17 65 39
57 35 10
18 65 62
50 45 34
1 67 83
24 63 85
67 9 30
67 3 18
11 66 88
64 22 35
63 23 27
38 56 71
30 60 17
64 22 10
43 52 29
49 47 43
40 54 51
9 67 0
15 66 4
35 57 26
67 8 31
55 39 61
45 50 54
18 65 13
47 48 86
57 36 26
67 5 94
47 49 40
66 12 74
62 27 60
66 16 47
59 33 42
57 36 55
59 33 42
29 61 40
3 68 6
42 53 4
51 44 30
54 40 91
4 68 53
17 65 77
59 33 25
36 57 97
12 67 37
43 52 51
67 12 53
8 67 0
62 27 86
67 11 0
50 45 38
55 39 27
51 44 31
67 11 14
9 67 63
55 40 35
4 68 23
66 16 19
28 62 45
51 45 76
39 55 63
17 66 81
64 23 22
63 24 31
49 47 69
36 57 61
52 44 72
65 20 63
58 35 71
67 13 97
68 5 18
18 66 40
1 68 42
36 58 58
5 68 44
17 66 22
65 20 19
64 24 84
4 68 86
66 16 11
43 52 73
61 31 11
55 40 14
61 31 70
11 67 79
64 23 49
5 68 14
66 15 83
56 38 10
64 22 33
64 22 39
47 49 75
44 52 94
12 67 76
29 61 65
44 52 24
39 56 8
66 16 57
58 36 65
67 13 52
57 37 88
31 61 94
13 67 66
68 7 57
62 28 60
64 24 53
57 38 69
10 68 19
68 4 14
25 63 81
17 66 37
60 32 24
36 58 9
58 36 72
53 43 59
60 33 64
68 4 99
56 39 53
68 5 35
66 16 58
67 15 82
56 39 77
47 49 27
68 1 7
6 68 65
67 12 87
42 54 83
56 39 2
33 60 45
48 49 15
64 25 4
50 46 23
64 23 38
49 48 99
1 69 53
6 68 26
68 10 77
22 65 57
68 7 61
17 66 54
60 33 68
47 49 20
42 54 6
52 45 15
1 69 93
61 32 31
31 61 38
66 20 96
13 68 95
1 69 88
55 41 26
14 67 60
64 26 73
68 8 42
49 48 74
69 0 72
61 31 24
68 10 2
63 28 30
20 66 33
0 69 63
69 5 90
16 67 65
69 1 48
1 69 62
42 54 9
49 48 52
67 15 47
60 34 55
60 33 97
69 5 11
56 40 39
2 69 3
50 47 87
44 53 51
67 17 32
55 41 34
64 25 87
36 59 21
69 4 28
69 9 76
62 31 24
14 68 56
14 68 60
49 48 53
21 66 86
69 7 58
52 45 50
45 52 17
45 53 8
48 49 98
68 14 53
59 35 45
67 17 7
55 42 73
45 53 78
62 30 13
66 19 82
64 26 25
46 51 50
69 7 50
8 69 95
51 47 46
69 3 69
41 56 56
35 60 87
21 66 61
12 68 13
44 54 71
0 69 89
9 69 86
29 63 19
54 43 53
48 50 63
37 59 41
23 65 75
62 30 22
24 65 70
63 28 75
61 34 84
33 61 17
12 68 85
62 31 56
70 3 31
69 5 67
50 49 17
8 69 76
30 63 93
65 24 83
67 20 80
46 52 80
46 52 31
70 0 64
63 30 82
12 69 63
54 44 62
69 9 22
36 59 48
58 39 62
58 39 97
57 40 89
13 68 48
47 51 40
55 43 71
64 27 80
63 30 36
69 10 72
51 47 46
13 69 64
48 50 50
41 57 41
33 61 48
1 70 68
68 14 42
31 63 19
44 54 67
69 11 96
22 66 85
70 7 31
23 66 67
2 70 81
1 70 65
36 60 29
64 27 25
44 54 92
38 59 39
37 59 14
65 26 47
63 30 35
53 46 90
70 2 90
13 69 19
53 46 4
70 2 65
37 59 19
66 25 39
32 62 18
55 44 92
53 46 47
69 15 57
58 40 72
63 30 49
24 66 68
62 33 41
44 54 71
10 69 27
23 66 92
69 15 37
59 37 99
15 69 85
66 24 12
20 67 98
56 42 34
40 58 37
61 34 2
18 68 63
69 15 5
65 26 87
39 58 16
70 10 66
0 70 43
19 68 89
64 29 66
20 67 80
68 19 84
65 27 50
25 66 49
8 70 58
62 33 80
51 49 63
64 29 86
7 70 5
5 70 5
50 49 51
65 27 91
48 51 39
70 7 81
52 47 59
69 12 58
66 23 96
69 15 37
35 61 2
70 5 59
4 70 55
66 25 9
69 12 41
24 66 95
4 70 64
67 22 3
24 66 27
24 66 98
38 60 47
64 29 62
45 54 8
61 36 81
70 10 69
62 33 59
39 58 56
13 69 99
70 11 35
19 68 81
71 0 55
17 68 40
57 42 19
55 44 84
35 61 28
70 12 98
44 55 87
71 3 25
28 65 42
49 51 18
2 71 90
70 12 49
64 30 72
30 64 83
32 63 11
60 36 73
7 70 3
16 69 2
7 70 11
70 8 45
71 3 41
45 54 16
66 24 61
61 36 42
69 17 64
54 46 95
53 46 58
45 54 88
30 64 26
70 12 6
36 61 66
71 0 81
52 47 86
7 70 17
63 31 23
49 51 60
70 11 69
71 7 39
9 70 0
35 61 96
19 68 88
56 44 81
68 18 55
61 36 4
70 13 43
62 35 49
71 5 85
38 60 56
71 8 31
33 63 57
70 14 33
9 70 20
24 67 99
31 64 94
52 48 40
23 67 58
11 70 13
67 22 45
8 71 70
37 61 65
2 71 97
69 18 80
59 39 24
43 57 41
71 3 83
60 38 80
70 15 1
7 71 9
22 68 64
70 16 85
70 13 9
66 28 77
71 8 12
70 11 95
49 52 63
8 71 71
65 29 59
4 71 6
71 1 70
70 15 11
44 56 53
66 26 27
62 35 28
71 0 5
34 63 7
57 43 45
49 52 43
53 48 89
70 14 8
53 48 21
63 34 85
41 58 94
28 66 32
50 51 35
49 52 58
71 9 39
24 67 89
55 46 8
37 61 69
59 41 11
33 63 49
11 71 56
68 22 19
28 66 13
59 41 55
72 0 70
71 7 77
50 51 45
47 54 36
65 29 99
71 12 34
66 27 16
59 40 23
55 46 9
57 44 13
71 6 1
59 41 5
71 9 73
69 21 68
19 69 29
30 65 71
27 66 35
55 46 18
6 71 13
65 31 29
63 33 54
20 69 24
67 26 35
49 52 11
66 27 4
40 60 93
6 72 48
56 44 12
71 7 27
68 24 31
71 13 22
6 72 1
57 44 78
28 66 93
23 68 40
65 29 76
14 70 87
4 72 74
72 5 89
7 72 60
58 42 35
40 60 69
67 27 71
39 60 41
30 65 80
71 12 47
26 67 2
69 19 46
43 57 50
57 44 4
71 12 68
9 71 18
9 71 45
6 72 35
0 72 85
35 63 95
33 64 37
61 37 0
69 20 13
33 64 58
13 71 78
16 70 92
69 22 35
57 43 2
22 69 57
48 53 36
11 71 56
60 40 92
55 47 61
67 28 30
54 48 64
72 7 40
25 68 47
4 72 29
8 72 71
19 70 2
70 19 27
30 65 2
67 27 22
55 46 25
21 69 8
72 9 56
13 71 41
30 66 40
68 23 41
72 0 86
67 28 26
49 53 51
72 7 35
69 23 45
22 69 19
24 68 37
27 67 97
72 7 32
11 71 4
70 18 41
20 70 82
42 59 99
69 22 17
71 16 52
24 68 76
53 49 10
48 54 1
23 69 33
48 54 25
69 22 95
6 72 8
61 38 10
23 69 64
42 59 92
49 53 67
66 31 97
64 35 54
72 10 6
71 14 41
48 54 93
59 41 69
71 14 16
72 2 20
44 57 58
71 17 77
70 18 79
65 32 86
65 31 35
27 67 17
56 45 98
71 14 61
69 22 28
72 11 57
45 57 48
31 65 22
35 63 19
18 70 27
71 13 48
22 69 76
70 19 87
63 36 89
65 33 57
49 53 73
32 65 54
45 57 6
35 63 34
64 34 54
5 73 53
28 67 70
73 4 47
54 48 49
68 25 41
42 59 63
21 70 10
40 61 79
37 63 46
69 21 90
35 64 32
71 16 2
54 49 21
68 25 3
63 36 14
73 2 88
43 58 23
7 72 38
14 71 54
41 60 8
73 0 23
54 49 25
61 39 51
53 50 32
40 61 25
52 51 53
41 60 79
72 10 58
11 72 39
20 70 73
47 55 69
60 42 70
70 21 50
62 39 6
20 70 27
64 35 20
38 62 85
3 73 55
41 60 57
61 40 95
17 71 65
67 29 6
66 32 30
4 73 89
40 61 19
69 25 29
18 71 66
66 31 20
57 46 33
4 73 57
48 55 49
41 60 80
72 14 58
60 41 25
9 72 29
36 63 25
59 43 2
27 68 65
67 29 41
71 16 43
10 72 18
25 68 95
36 64 70
20 70 6
15 72 94
63 36 6
45 57 54
73 8 28
65 33 44
36 64 28
21 70 22
73 4 12
64 35 94
66 31 87
28 68 74
46 57 15
27 68 10
1 73 11
11 72 49
46 56 93
2 73 35
24 69 29
73 0 17
39 62 48
32 66 74
0 73 73
5 73 16
15 72 11
54 50 85
15 72 40
30 67 45
19 71 19
65 34 22
57 46 32
63 38 1
72 13 55
72 15 4
71 19 90
10 73 64
72 13 61
47 56 84
73 3 5
73 10 90
73 3 14
71 18 2
73 4 0
64 36 26
70 23 6
55 48 8
1 74 61
58 45 4
44 59 24
16 72 0
11 73 8
53 51 86
69 25 81
17 71 62
55 49 10
7 73 42
23 70 17
8 73 5
37 64 47
59 44 88
58 45 20
65 34 73
65 34 6
36 64 93
62 39 23
70 22 22
30 67 73
44 59 46
33 66 40
65 35 25
45 58 46
21 71 33
29 68 66
66 34 90
58 45 72
72 16 65
26 69 69
15 72 59
37 64 59
64 36 8
54 50 50
74 5 30
53 51 19
49 55 89
60 43 80
62 40 46
8 73 94
7 74 89
74 2 29
35 65 3
63 38 17
74 1 3
6 74 39
70 23 65
23 70 99
73 14 27
61 42 19
55 49 98
12 73 43
53 51 54
40 62 45
34 65 67
68 28 7
18 72 20
73 10 28
37 64 70
61 42 24
4 74 79
3 74 12
53 51 58
32 67 96
1 74 30
72 19 57
45 59 48
33 66 14
29 68 8
73 11 37
33 66 44
10 73 52
45 59 13
71 22 22
14 73 99
56 48 53
72 19 53
37 64 28
50 55 12
73 15 44
74 0 12
73 14 89
65 35 28
72 16 75
67 32 98
23 71 53
56 48 19
70 24 89
36 65 24
48 57 99
4 74 30
43 60 84
73 13 49
30 68 32
74 1 55
66 35 95
31 67 72
1 74 42
74 5 97
7 74 34
70 25 63
50 55 25
74 1 84
61 42 36
63 39 88
14 73 50
52 53 72
58 46 53
22 71 40
9 74 15
74 3 38
72 20 1
72 18 36
74 10 53
23 71 61
43 61 93
50 54 78
68 31 98
74 5 90
38 64 90
44 60 49
62 40 49
74 5 97
8 74 49
34 66 31
73 16 83
35 65 12
25 70 63
21 71 28
21 71 35
38 64 56
59 45 28
74 9 38
19 72 76
73 15 84
62 41 17
72 19 43
30 68 80
39 64 95
43 61 78
59 46 91
39 63 48
13 74 44
45 59 15
69 29 72
33 67 24
26 70 18
1 75 56
71 22 78
66 35 85
74 8 67
67 33 80
33 67 42
70 26 66
63 40 9
75 2 43
72 20 60
36 65 7
28 69 17
7 74 77
75 2 52
68 32 19
51 54 93
50 55 72
63 39 11
16 73 8
61 44 20
51 55 93
61 43 0
62 41 26
42 62 98
69 29 26
5 75 31
42 62 47
7 75 55
9 74 59
20 72 84
42 62 93
65 38 4
53 52 60
55 50 70
72 21 88
16 73 9
31 68 48
64 39 40
69 29 47
37 65 13
75 0 53
73 15 6
59 46 5
75 7 2
38 65 16
24 71 44
65 38 30
63 41 59
74 14 82
54 52 61
15 74 72
52 54 88
64 38 71
75 5 71
49 57 23
35 66 27
63 41 9
45 60 26
31 68 7
71 25 34
73 19 34
67 34 28
68 32 37
61 44 34
31 68 55
72 21 30
75 4 63
65 37 1
74 15 82
30 69 60
18 73 53
20 72 18
74 16 98
72 21 94
75 10 13
57 49 87
20 72 25
43 62 97
10 75 80
74 11 34
49 57 43
62 43 91
67 34 81
20 72 28
46 60 37
52 54 86
26 71 64
74 11 34
51 55 16
4 75 29
73 18 9
51 55 86
72 22 68
70 27 25
60 46 25
69 31 37
6 75 26
73 20 64
19 73 25
10 75 59
56 51 56
60 45 13
20 73 52
29 69 84
64 39 6
7 75 25
5 75 13
68 32 6
18 73 97
69 29 5
58 48 92
62 42 59
75 10 50
75 3 22
58 48 48
12 75 56
52 54 8
60 45 69
60 46 45
38 65 28
71 27 82
76 1 19
21 73 85
50 56 37
51 55 57
64 40 64
19 73 76
45 61 31
23 72 15
62 43 62
75 6 80
72 22 10
60 46 26
17 74 94
37 66 86
76 1 96
76 4 12
27 71 55
71 26 91
18 74 89
55 52 5
64 40 88
71 26 70
19 73 93
25 72 28
26 71 68
60 46 38
76 0 4
44 61 77
63 42 80
0 76 93
66 38 62
73 19 28
1 76 40
63 42 58
46 60 39
74 18 80
9 75 52
49 57 72
65 39 64
30 70 30
52 55 93
63 42 83
60 46 11
75 11 38
75 13 74
72 23 63
68 34 95
38 66 19
3 76 34
66 38 54
56 52 98
74 16 50
66 37 14
61 46 36
70 30 7
65 38 81
72 25 86
61 45 99
42 63 52
62 44 25
40 64 90
68 34 88
49 58 85
15 75 17
61 45 79
73 23 3
64 41 55
6 76 22
71 28 27
17 74 26
40 65 0
74 16 83
33 68 69
47 60 51
24 72 99
64 41 79
39 66 43
14 75 20
40 64 0
40 65 50
44 62 24
42 64 67
61 46 58
59 49 4
74 17 98
71 27 43
63 43 29
76 3 17
57 50 87
5 76 2
58 49 79
76 1 36
63 44 26
76 8 85
30 70 8
56 52 98
54 54 78
25 72 48
28 71 83
68 34 46
46 61 11
54 54 98
21 73 68
72 27 47
73 22 33
54 54 92
32 69 68
27 71 32
40 65 43
13 75 95
72 25 65
47 60 27
20 74 1
28 71 83
48 59 35
74 20 46
27 72 57
12 76 9
69 32 44
66 39 21
74 18 89
66 39 35
66 39 89
61 46 29
67 36 30
76 10 48
29 71 44
57 51 44
10 76 10
73 23 67
10 76 95
24 73 39
71 28 20
26 72 93
37 67 53
43 64 86
44 63 22
57 51 13
27 72 59
53 55 17
76 12 58
30 70 72
75 15 36
71 30 99
73 23 93
27 72 6
20 74 52
54 54 76
46 61 10
58 51 48
75 15 30
63 44 62
31 70 23
66 40 39
3 77 95
72 26 38
38 67 90
75 15 80
50 58 72
42 64 70
20 74 28
48 60 38
72 28 20
50 59 72
66 38 83
38 67 10
14 76 52
6 77 7
73 23 97
63 44 63
3 77 34
76 14 89
1 77 95
76 14 64
11 76 13
64 42 27
6 77 63
16 75 60
77 4 24
46 62 49
64 42 6
66 40 29
13 76 95
76 14 85
71 29 25
72 28 25
62 45 25
37 67 97
76 14 41
76 14 68
44 63 22
77 5 19
53 56 80
4 77 43
15 76 37
7 77 92
70 32 50
30 71 25
53 56 12
70 32 1
23 73 23
32 70 28
77 6 62
77 8 61
61 48 25
32 70 28
21 74 58
76 14 86
42 65 40
65 42 50
63 44 99
16 75 56
48 60 78
63 45 65
9 77 20
20 74 99
10 77 55
74 23 60
42 65 39
32 70 12
55 54 30
0 77 62
32 70 65
65 41 21
75 16 8
18 75 81
77 4 80
76 14 70
5 77 22
38 67 0
43 64 17
73 25 16
27 72 41
77 5 70
67 38 51
58 51 40
71 30 24
46 62 27
42 65 24
2 77 19
5 77 66
23 74 75
50 59 89
10 77 95
76 15 96
0 78 12
76 14 49
45 63 1
11 77 40
78 2 38
70 33 62
43 64 37
68 38 68
35 69 4
70 33 72
67 39 72
72 29 69
37 68 54
2 78 82
77 9 76
76 17 76
44 64 21
65 42 85
28 72 68
2 78 53
78 3 32
41 66 10
77 10 31
77 10 83
76 15 40
77 11 42
19 75 64
36 69 93
77 11 44
24 74 5
3 78 68
78 3 62
62 47 27
31 71 78
70 33 7
77 8 99
74 25 98
6 78 11
42 65 68
78 1 46
46 62 61
74 24 55
69 35 24
30 72 27
41 66 49
23 74 47
63 45 72
19 76 86
18 76 12
51 59 93
60 49 33
70 35 10
50 59 56
41 66 72
77 13 13
25 74 95
37 68 17
41 66 92
69 36 79
73 27 31
43 65 21
66 41 78
4 78 48
30 72 88
64 45 33
23 74 79
65 43 66
0 78 2
68 38 10
76 16 66
51 59 1
42 66 1
43 65 38
47 62 18
23 75 94
63 46 20
71 33 36
67 41 21
42 66 72
14 77 23
57 53 56
69 37 34
19 76 63
76 17 85
78 6 84
78 2 47
52 58 82
19 76 49
24 74 88
54 56 26
18 76 12
61 49 51
74 27 88
13 77 62
0 78 51
34 70 9
66 42 58
69 36 25
78 10 86
28 73 52
62 48 22
75 22 56
36 69 72
20 76 85
16 77 12
60 50 13
43 65 22
63 46 93
78 8 40
20 76 3
58 53 33
43 66 15
16 77 35
74 26 79
44 65 81
78 2 70
30 72 78
36 69 79
58 53 46
75 24 31
79 3 47
64 45 60
2 79 50
64 46 74
43 66 16
70 35 69
50 60 0
60 51 12
67 40 62
79 4 29
73 29 10
77 14 63
25 75 8
36 70 79
70 35 5
48 62 36
75 24 33
17 77 67
68 39 40
78 12 98
30 73 32
8 78 41
71 34 19
60 51 76
7 78 82
78 9 32
79 0 55
79 5 29
76 22 4
2 79 62
41 67 73
79 4 56
75 24 95
14 77 39
37 70 52
4 79 43
78 13 53
51 60 76
65 45 0
3 79 13
12 78 65
23 75 89
67 41 42
50 61 12
78 9 31
59 52 89
9 78 21
9 78 65
43 66 17
43 66 65
74 28 56
33 72 98
66 42 34
59 52 1
58 53 12
68 40 6
78 14 52
65 45 78
71 35 48
79 2 9
37 70 14
50 61 43
53 58 67
4 79 48
75 24 27
24 75 23
73 31 33
77 16 78
43 66 72
6 79 67
14 78 52
78 15 93
47 63 63
79 6 34
41 68 99
3 79 81
41 67 99
76 23 88
3 79 87
53 59 36
22 76 81
45 65 28
58 53 70
76 23 9
48 63 44
25 75 90
65 44 45
62 49 30
77 19 17
46 64 87
72 34 62
66 43 31
65 46 79
1 79 42
4 79 50
28 74 66
45 65 75
40 68 86
63 47 29
72 33 66
63 48 28
0 79 59
79 5 69
27 75 74
34 72 72
37 70 91
65 45 55
79 2 63
17 78 30
30 74 36
79 6 72
28 74 92
0 80 26
36 71 82
74 29 95
13 78 6
27 75 61
62 50 82
57 55 47
80 4 72
50 61 69
35 71 0
7 79 4
22 76 32
11 79 23
80 3 68
72 34 62
47 64 17
11 79 83
32 73 8
72 35 4
27 75 27
80 1 15
27 75 51
24 76 86
21 77 19
23 76 81
78 15 51
75 27 52
62 50 81
68 41 89
80 2 32
55 58 14
72 34 89
9 79 8
68 42 81
65 47 21
29 74 98
3 80 70
24 76 85
27 75 64
26 75 81
1 80 68
43 67 75
73 33 35
61 51 66
70 39 25
74 29 87
35 72 42
45 66 82
70 38 79
79 14 21
59 54 67
16 78 55
64 48 90
16 78 4
68 41 34
5 80 6
64 47 65
3 80 12
78 17 66
78 18 75
6 80 63
1 80 78
35 72 88
71 37 35
62 50 34
73 32 32
4 80 35
48 64 43
12 79 26
78 19 0
52 61 25
15 79 80
15 79 13
64 48 39
45 66 61
68 42 24
38 71 34
14 79 48
80 9 72
16 78 70
45 66 10
61 52 63
43 68 18
51 62 10
70 39 41
31 74 9
36 71 42
74 31 19
13 79 18
42 68 59
37 71 27
60 53 67
37 71 86
7 80 73
3 80 28
31 74 66
42 68 42
62 51 20
7 80 97
40 70 10
22 77 36
68 42 11
55 59 70
51 62 12
22 77 86
47 65 90
77 21 52
67 44 4
72 35 71
0 80 32
73 33 44
79 15 45
74 31 61
38 71 89
42 69 89
68 43 0
36 72 82
37 71 73
16 79 83
79 17 27
65 47 95
64 49 56
28 75 70
14 79 52
79 15 69
12 80 71
76 25 70
73 33 36
55 59 15
36 72 25
80 12 95
80 10 77
69 41 66
73 34 41
80 11 87
4 80 19
5 80 49
11 80 70
73 35 94
76 27 1
79 18 34
34 73 2
59 55 23
15 79 24
37 71 71
32 74 53
33 73 65
65 48 95
80 11 46
73 34 13
74 31 5
63 50 60
62 52 72
41 69 96
13 80 3
36 72 87
56 58 43
68 44 61
80 11 43
65 47 60
54 60 6
79 15 90
18 79 10
52 61 85
21 78 52
69 41 4
72 36 4
38 71 33
32 74 81
71 37 64
13 80 73
81 3 10
45 67 29
29 75 60
80 8 33
79 18 29
9 80 99
57 57 33
80 9 18
46 66 34
73 35 9
0 81 64
35 73 5
23 77 87
32 74 8
72 37 38
46 66 2
44 67 5
81 5 17
74 33 53
81 3 24
31 75 70
6 81 86
63 50 68
79 20 58
68 43 95
60 54 72
80 14 15
39 71 94
9 81 30
4 81 40
66 47 11
65 48 60
72 37 72
80 9 64
12 80 42
26 77 99
21 78 9
81 8 85
81 8 58
69 42 72
44 68 20
64 50 16
77 26 44
76 29 72
81 4 46
1 81 8
26 77 0
65 48 69
67 46 20
41 70 54
43 69 16
5 81 93
2 81 8
64 49 55
5 81 25
49 65 92
58 56 76
19 79 96
15 80 96
77 27 19
42 70 28
65 49 69
73 35 45
81 8 38
43 69 66
81 2 80
74 34 87
23 78 85
26 77 13
80 16 10
65 48 11
26 77 54
28 76 74
75 32 94
81 10 44
44 68 78
6 81 77
81 4 24
14 80 82
80 14 95
30 76 52
78 25 80
5 81 23
60 55 0
17 80 71
14 80 30
76 28 36
1 82 78
78 24 99
75 31 15
77 27 34
71 40 71
78 22 18
59 56 13
76 29 88
21 79 31
67 46 15
23 78 31
16 80 98
21 79 58
61 54 41
42 70 23
10 81 34
74 35 19
53 62 62
77 27 5
62 52 40
61 54 22
63 52 95
81 10 23
51 63 60
82 1 73
40 71 79
82 0 40
4 82 47
19 79 63
82 6 16
58 57 99
16 80 79
36 73 28
23 78 82
82 3 31
56 59 73
78 23 2
37 73 24
51 64 90
81 10 31
33 74 83
41 71 73
78 24 36
67 47 84
79 22 99
79 21 16
44 69 46
63 53 93
28 77 98
68 45 19
82 1 61
80 17 57
78 24 79
76 29 61
44 69 45
79 22 41
18 80 6
0 82 53
80 15 85
7 82 30
42 70 91
7 82 24
37 73 97
5 82 66
81 12 79
60 55 56
53 62 8
38 73 0
35 74 17
38 73 42
33 75 4
21 79 70
36 73 28
62 54 35
25 78 46
47 67 24
53 63 54
76 30 76
6 82 85
21 79 77
82 9 74
77 28 63
0 82 41
57 59 23
0 82 49
76 30 62
80 17 90
49 66 56
80 17 41
9 82 31
2 82 77
82 3 8
82 7 37
73 38 82
80 18 13
80 16 79
82 1 96
74 35 6
82 2 55
65 49 33
82 1 28
43 70 38
32 75 7
62 53 26
77 28 74
59 57 57
44 69 42
65 49 99
62 54 92
7 82 69
53 63 22
53 63 60
58 58 56
80 19 71
82 0 40
44 69 76
82 1 89
72 40 15
70 44 9
68 45 62
69 45 13
70 42 45
32 76 33
77 30 24
35 75 85
50 65 70
66 48 65
20 80 88
82 10 87
21 80 84
81 15 38
82 0 11
80 18 14
5 82 42
70 44 90
58 59 22
81 14 72
11 82 17
82 10 64
79 23 21
63 53 59
6 82 41
11 82 42
82 7 80
22 80 86
71 42 57
5 82 0
80 19 57
59 58 64
80 20 29
7 82 21
65 50 84
30 77 87
75 34 9
0 83 7
65 51 32
70 44 6
55 61 69
69 45 17
78 27 18
82 11 85
38 73 41
67 49 68
33 76 43
76 31 60
25 79 24
38 73 87
72 40 23
75 34 5
80 20 3
18 81 53
29 77 39
55 61 36
74 37 55
74 36 85
32 76 41
81 19 99
38 73 67
60 57 98
79 25 77
83 0 29
53 63 82
81 17 18
45 69 93
8 82 72
82 12 52
80 20 17
74 37 73
71 42 49
41 72 9
64 52 43
80 22 35
11 82 1
75 35 21
23 79 47
83 6 8
43 71 45
7 83 79
63 53 75
75 34 20
60 57 93
58 59 36
12 82 27
19 81 6
69 46 66
44 70 46
38 73 24
80 21 75
7 83 22
59 58 71
82 13 95
82 11 5
81 15 98
83 3 59
83 7 86
53 64 89
78 28 86
66 50 78
46 69 83
80 20 16
64 52 51
31 77 60
34 76 67
46 69 89
7 83 45
12 82 67
72 42 88
53 64 14
28 78 35
68 48 12
38 74 91
54 63 44
56 61 25
46 69 98
36 75 43
17 81 33
21 80 22
83 5 26
40 72 98
80 21 71
25 79 20
20 81 87
28 78 4
46 69 36
48 68 65
71 42 58
43 71 46
15 82 6
59 58 98
1 83 59
78 29 41
58 59 48
44 71 4
33 76 58
81 20 96
46 69 45
76 33 57
53 64 68
77 32 13
74 38 39
69 46 67
48 68 69
81 20 42
64 53 16
74 38 38
53 64 87
73 40 26
66 51 11
23 80 17
0 83 94
1 83 78
83 3 89
19 81 48
78 28 17
67 49 60
75 36 93
18 81 58
46 69 17
83 8 68
29 78 29
82 12 99
81 19 93
23 80 82
83 1 40
6 83 67
83 3 18
66 51 17
12 83 20
77 31 39
82 17 79
13 82 10
79 27 61
37 75 16
4 83 24
61 56 19
45 70 14
64 54 98
8 83 75
68 49 45
45 70 6
82 14 42
34 76 40
68 49 31
82 14 2
26 80 62
16 82 60
84 0 25
83 13 44
19 81 3
19 81 29
83 10 74
84 2 95
14 82 18
26 79 69
39 74 53
17 82 41
80 23 5
82 15 18
22 81 0
49 68 61
71 44 23
78 30 8
54 64 92
37 75 5
30 78 87
82 18 81
29 79 80
81 20 81
77 34 38
77 33 2
25 80 17
37 75 15
37 75 27
23 80 64
81 21 63
61 57 86
64 54 58
83 13 53
74 38 17
79 28 91
48 69 5
83 9 73
38 75 43
80 23 79
56 62 55
79 28 55
39 74 44
66 52 35
50 67 99
68 50 41
0 84 99
67 50 74
84 7 9
9 84 86
34 77 58
1 84 58
84 9 3
12 83 39
54 64 52
80 24 43
84 3 32
48 69 54
68 50 30
41 73 23
84 1 78
80 25 30
27 80 11
47 70 95
47 69 56
27 80 52
67 51 88
45 71 85
84 5 59
47 70 78
61 58 96
26 80 22
82 21 22
19 82 79
14 83 3
69 47 79
43 72 24
29 79 63
46 71 63
48 69 10
84 9 0
82 19 29
5 84 30
18 82 30
83 15 12
10 84 58
41 73 25
30 79 25
38 75 93
30 79 9
42 73 24
70 47 35
27 80 2
22 81 44
60 60 79
84 2 26
42 73 26
57 62 66
43 72 18
10 84 52
67 51 63
66 53 88
80 25 30
84 9 23
7 84 15
59 60 41
81 22 38
21 82 2
65 54 68
74 41 15
2 84 33
80 28 47
23 81 47
18 83 20
22 82 97
76 37 69
7 84 73
74 40 38
49 69 20
40 74 40
82 19 71
85 3 49
79 30 57
38 76 97
84 4 43
84 10 20
83 16 56
76 37 63
34 78 64
72 43 12
47 71 5
80 28 73
5 85 73
77 34 43
83 15 52
44 72 40
67 52 23
75 38 65
74 41 87
78 33 24
84 8 79
75 38 83
14 83 74
1 85 68
82 22 12
81 25 3
80 27 24
25 81 77
81 26 49
47 70 21
35 77 8
43 73 0
78 33 96
83 17 43
34 78 47
83 17 86
80 29 68
1 85 61
83 18 17
11 84 21
79 32 43
71 47 68
32 79 21
57 63 61
17 83 31
85 3 62
83 19 45
64 56 25
66 53 24
71 47 93
48 70 73
19 83 28
15 84 80
85 7 24
61 59 11
75 40 30
84 14 99
32 79 63
36 77 83
40 75 69
85 3 9
83 19 52
85 7 50
76 37 24
0 85 65
69 50 22
7 85 95
34 78 70
81 26 14
39 76 5
84 13 20
84 15 77
66 53 48
71 47 97
77 37 24
82 22 42
78 34 85
83 18 20
79 33 57
2 85 93
33 79 20
63 57 56
42 74 41
83 18 23
0 85 75
73 43 34
85 2 79
41 74 11
55 65 94
85 11 96
4 85 78
84 12 12
85 5 46
51 68 0
82 24 18
64 56 4
84 16 47
85 3 86
24 82 5
84 17 48
46 72 17
6 85 59
46 72 24
32 79 79
79 31 31
43 73 7
85 8 2
21 83 79
32 79 20
34 78 28
79 33 47
61 60 2
85 3 37
81 27 51
43 74 73
51 69 10
53 67 0
63 58 62
3 85 38
66 54 39
74 43 14
83 21 17
63 57 52
19 83 43
54 66 82
82 24 53
81 28 46
74 42 40
4 85 5
50 69 37
2 86 26
34 78 74
65 55 64
21 83 79
66 55 28
51 69 26
56 65 86
38 77 62
63 57 21
85 12 38
40 76 93
73 44 59
79 32 1
83 21 19
0 86 90
9 85 98
37 77 95
22 83 4
67 53 72
9 85 4
84 15 14
40 75 88
84 18 1
59 62 49
83 21 66
34 78 74
78 35 32
83 23 36
78 35 43
83 20 80
71 48 61
57 64 64
41 75 4
86 6 72
61 60 67
68 52 49
77 38 85
72 47 10
65 56 79
18 84 58
0 86 92
76 39 81
44 74 59
55 66 48
82 26 67
30 80 67
43 74 71
7 86 71
51 69 72
83 20 67
25 82 27
35 78 91
70 49 65
58 63 2
71 48 37
45 73 17
68 53 90
81 29 66
84 17 28
62 59 42
17 84 58
17 84 45
74 43 6
8 86 75
39 76 2
17 84 82
86 3 61
81 29 47
77 39 91
32 80 84
86 10 85
74 44 51
78 36 29
64 58 77
11 85 24
86 7 61
19 84 25
47 72 36
78 37 18
86 5 87
9 86 56
24 83 28
38 77 28
84 18 77
54 67 72
34 79 83
49 71 93
3 86 96
46 72 38
85 12 42
3 86 41
0 86 80
84 19 96
63 58 1
78 36 28
76 41 82
79 33 4
71 49 65
32 80 56
18 84 48
72 48 38
84 18 40
86 5 65
25 82 97
56 66 14
80 31 50
69 52 49
42 75 94
86 0 55
71 49 59
82 27 94
68 53 34
85 15 72
11 86 77
52 69 8
85 16 64
32 80 32
86 10 20
84 21 70
84 19 46
83 24 40
55 67 65
86 12 9
32 80 97
38 78 80
83 25 61
37 78 43
39 77 70
49 71 88
80 33 35
80 33 6
83 25 91
79 35 71
60 62 6
81 30 69
20 84 68
49 71 84
77 40 22
81 30 39
84 22 69
50 70 4
86 12 91
86 10 54
11 86 29
79 36 34
23 84 54
74 46 59
74 44 23
86 13 5
78 37 27
49 71 47
87 0 86
86 7 25
39 77 73
76 42 46
40 77 66
74 45 25
86 13 72
83 24 82
16 85 64
47 73 50
69 52 63
7 87 66
37 78 84
87 5 73
60 63 36
42 76 56
33 80 67
59 64 88
61 61 91
56 66 87
30 81 72
87 4 90
17 85 60
37 79 41
71 50 66
73 46 15
83 25 3
56 66 56
44 75 9
86 11 67
83 25 5
32 81 23
14 86 35
77 41 6
85 18 35
10 86 42
19 85 0
27 83 98
24 84 0
14 86 16
87 9 30
54 68 91
24 83 63
17 85 38
55 67 25
87 1 95
53 68 74
25 83 58
17 85 71
16 85 96
41 77 64
59 64 36
22 84 95
68 54 88
62 60 88
74 46 91
81 33 83
56 66 43
82 29 80
67 55 15
49 72 90
56 67 62
80 34 28
7 87 48
73 47 40
29 82 96
74 45 16
68 54 17
26 83 41
54 68 11
84 23 37
65 58 11
64 59 30
17 85 92
80 34 55
84 24 33
34 80 96
45 74 25
28 83 95
84 22 81
6 87 14
77 42 40
54 69 54
80 35 94
86 14 15
76 43 45
71 51 85
81 31 17
81 32 21
69 54 30
76 43 25
87 7 15
78 40 6
48 73 52
87 8 55
22 85 31
9 87 71
32 81 48
19 85 75
87 4 97
87 12 13
46 74 92
40 77 13
86 15 71
65 58 11
86 16 83
42 76 46
15 86 61
87 3 36
65 58 77
87 9 85
55 68 54
86 17 72
85 21 58
81 34 87
18 86 42
67 56 48
40 78 74
8 87 75
1 88 16
77 42 74
82 30 59
68 55 82
61 62 11
81 32 90
88 2 78
88 1 9
76 44 85
75 44 84
87 8 15
40 78 30
2 88 36
87 12 1
87 7 14
77 42 44
45 75 32
33 81 92
16 86 48
78 40 2
63 60 47
73 48 20
75 45 52
59 65 54
88 2 5
66 58 8
1 88 52
0 88 9
49 72 68
80 37 45
45 75 49
77 43 51
61 62 72
13 87 18
17 86 25
35 81 98
31 82 48
84 26 37
81 35 56
45 75 17
87 12 17
42 77 30
2 88 9
79 38 4
45 75 99
21 85 42
45 76 55
54 69 44
85 22 39
77 42 75
79 38 50
87 15 68
4 88 6
35 81 66
11 87 32
71 52 22
88 0 18
87 12 97
8 88 2
48 74 43
52 71 50
88 0 27
13 87 26
87 11 34
63 62 6
72 51 31
88 5 53
70 54 20
62 62 15
87 16 31
26 84 80
62 62 14
50 73 60
80 37 95
17 86 17
86 18 52
9 88 99
47 74 0
32 82 84
23 85 99
43 77 30
0 88 11
60 65 79
69 54 50
49 73 82
1 88 24
18 86 84
52 71 6
28 83 42
64 61 70
47 74 61
29 83 18
18 86 69
59 66 57
60 64 1
63 61 81
12 87 89
58 66 70
70 53 96
88 7 35
88 6 84
36 80 97
82 33 67
82 34 78
88 10 93
87 14 25
20 86 58
23 85 47
31 83 62
67 58 9
87 15 70
80 37 71
41 78 40
61 63 31
22 85 45
48 74 29
88 7 71
6 88 57
37 80 64
27 84 7
55 69 77
88 9 50
1 88 8
70 54 50
83 30 99
84 27 32
9 88 6
17 87 16
70 54 88
87 18 89
81 34 7
61 64 12
3 88 55
88 12 18
77 43 34
74 49 13
66 59 97
58 66 14
82 34 9
72 51 81
70 54 80
40 79 5
85 23 88
87 15 57
0 89 82
87 17 7
88 9 57
85 23 35
77 43 99
82 33 52
38 80 71
89 1 52
57 68 39
19 87 10
84 29 65
76 45 78
22 86 46
83 32 73
33 82 48
9 88 10
89 1 34
25 85 32
80 39 79
82 35 66
60 66 69
37 81 39
80 38 81
30 84 60
32 83 45
69 56 69
87 16 88
25 85 27
31 83 84
25 85 22
82 34 27
12 88 73
89 7 36
69 55 83
77 44 91
36 81 25
76 46 29
88 12 32
39 80 30
30 84 35
22 86 62
13 88 44
21 86 45
58 67 9
22 86 62
11 88 56
81 36 73
84 30 57
29 84 47
45 77 43
80 38 74
76 46 24
31 83 46
89 9 63
75 48 62
89 3 91
89 4 23
30 84 21
52 72 61
12 88 10
82 33 17
89 4 7
60 66 95
84 29 28
51 73 95
75 48 48
54 71 77
15 88 17
12 88 30
21 87 69
45 77 17
85 28 62
86 25 31
29 84 28
81 37 21
17 88 29
16 88 57
57 68 29
89 2 60
63 63 92
56 69 48
27 85 11
78 43 62
82 35 95
88 16 99
77 45 76
40 80 61
28 85 85
86 24 40
38 81 40
12 89 78
89 0 49
74 50 18
79 42 32
73 51 50
8 89 24
82 36 11
74 50 24
76 48 29
4 89 45
45 77 21
39 80 82
8 89 78
11 89 95
74 49 33
19 87 14
63 63 58
65 61 69
86 25 24
27 85 74
49 74 97
36 82 89
20 87 45
81 37 29
78 43 6
13 89 40
8 89 3
83 32 47
89 5 47
85 27 48
31 84 97
56 70 32
38 81 51
87 23 9
42 79 45
28 85 54
17 88 41
26 86 63
69 57 51
55 70 87
88 16 79
89 8 55
73 52 65
9 89 96
77 45 24
64 62 46
68 58 43
65 62 13
87 23 15
47 76 12
89 8 95
82 35 1
6 90 44
80 40 51
90 5 94
58 69 65
75 49 74
88 18 92
89 8 90
33 84 61
30 85 18
44 78 23
18 88 73
67 60 22
12 89 8
16 88 66
3 90 49
90 5 95
62 65 37
86 27 22
54 72 25
3 90 19
57 69 1
90 7 88
81 38 88
10 89 26
83 34 52
35 83 1
40 80 5
90 5 54
74 50 92
35 83 60
64 63 84
88 19 94
15 89 2
21 87 59
15 89 55
64 63 60
59 68 40
27 86 60
88 16 99
70 56 48
62 65 57
73 52 81
70 57 93
35 83 92
8 90 80
47 76 84
0 90 62
53 73 16
89 15 93
18 88 60
17 88 26
39 81 82
5 90 79
23 87 96
57 69 28
40 81 57
72 54 69
90 1 90
90 5 75
54 72 76
90 0 51
88 19 89
90 4 88
87 22 48
26 86 7
70 57 25
18 88 29
11 90 27
37 82 22
38 82 44
0 90 5
60 67 96
88 21 67
32 84 91
89 15 50
60 67 28
63 64 57
90 0 66
76 48 17
7 90 19
72 54 51
63 65 42
11 90 45
69 58 38
19 88 52
70 57 99
86 26 72
14 89 13
64 64 11
84 32 88
89 18 81
17 89 47
26 86 9
73 52 65
85 29 4
77 46 39
90 1 2
87 24 25
31 85 10
29 86 68
8 90 44
25 87 68
38 82 1
54 72 68
89 18 21
87 26 24
59 68 39
83 36 86
13 90 44
3 90 4
46 78 31
62 66 95
25 87 55
80 42 78
22 88 64
81 40 73
83 37 90
89 19 66
83 36 35
8 90 0
13 90 75
83 35 78
47 77 87
5 90 79
90 5 66
86 30 48
20 88 52
56 71 33
51 75 72
8 90 6
87 24 11
89 14 55
57 71 4
63 65 91
71 56 72
52 74 87
56 71 13
9 90 63
88 21 70
29 86 52
50 76 18
74 52 92
22 88 24
11 90 6
2 91 61
91 4 52
71 56 2
70 57 96
32 85 1
83 37 53
53 73 34
90 14 70
16 89 48
88 23 2
91 5 21
2 91 63
80 43 81
89 17 8
90 8 12
34 84 17
88 23 29
74 52 29
89 18 36
88 21 1
0 91 99
42 81 72
50 76 51
91 1 10
79 45 8
56 71 81
10 90 5
1 91 89
71 56 52
40 81 10
30 86 0
9 90 58
50 76 33
88 23 18
68 60 14
62 67 42
49 76 90
65 64 41
71 56 83
30 86 54
78 46 21
71 56 17
87 27 48
17 89 44
21 88 45
78 46 71
36 83 29
9 91 3
89 18 99
2 91 2
71 56 31
65 64 54
78 47 72
29 86 46
44 80 6
87 28 30
29 86 67
83 38 8
36 84 88
91 3 12
32 85 95
43 80 83
28 87 91
87 25 11
57 71 59
91 8 53
70 58 62
74 53 99
55 73 65
90 15 75
79 44 28
91 4 7
91 0 1
91 7 61
61 67 28
62 67 59
44 79 60
25 88 64
67 62 46
91 9 46
76 50 11
91 0 25
91 6 15
85 32 54
5 91 81
77 49 25
72 56 27
32 85 72
33 85 72
86 29 72
57 71 7
90 13 91
86 30 67
1 91 91
90 13 99
47 78 32
80 44 9
5 91 31
67 62 92
53 74 35
12 91 87
21 89 39
87 29 70
90 13 89
73 55 67
60 69 49
91 10 55
89 19 89
91 7 95
91 0 63
45 79 42
91 6 36
55 73 36
1 91 27
20 89 98
85 33 78
9 91 65
57 71 50
2 91 96
74 53 7
72 56 13
80 45 74
79 45 36
56 72 17
27 87 75
87 27 86
55 73 87
31 86 51
67 62 20
21 89 82
48 78 74
33 85 35
48 78 24
38 83 97
38 83 75
92 2 23
12 91 32
30 87 65
61 68 2
92 4 58
83 38 34
38 83 14
66 63 75
0 92 76
88 24 26
81 43 16
82 41 45
59 70 8
1 92 51
80 45 99
62 67 57
89 20 0
90 18 5
3 92 35
78 48 79
46 79 97
86 32 3
29 87 74
42 82 28
92 7 84
91 14 26
36 84 0
88 27 78
92 3 59
55 73 50
51 76 40
59 71 99
54 74 0
74 54 49
82 41 82
39 83 62
47 79 63
91 16 66
43 81 51
86 33 27
71 58 8
13 91 73
77 50 72
84 37 83
92 7 54
12 91 62
90 19 79
40 83 90
74 55 51
50 77 93
90 17 81
13 91 86
4 92 76
68 62 58
73 55 34
0 92 83
27 88 22
85 35 39
65 65 22
16 91 19
92 1 57
89 23 62
71 59 56
28 88 48
14 91 45
40 83 47
70 60 45
75 53 11
20 90 57
61 68 31
10 92 13
88 26 70
54 75 14
55 74 60
59 71 53
6 92 96
45 80 0
1 92 45
86 33 82
90 19 36
49 78 52
28 88 42
91 12 50
91 13 40
91 13 62
87 30 91
71 58 76
50 77 10
61 69 73
66 64 4
55 74 48
18 90 66
84 38 81
13 91 57
6 92 5
86 33 76
36 85 36
62 68 87
34 86 31
72 58 21
28 88 76
88 27 70
68 62 67
79 48 60
22 90 56
91 14 17
83 40 83
48 79 63
9 92 88
39 84 72
58 71 73
72 58 8
82 43 85
91 16 56
82 43 43
37 84 18
90 22 22
36 85 24
55 74 69
87 32 7
90 20 29
62 68 15
90 20 21
92 7 98
89 26 35
17 91 60
25 89 78
76 52 39
37 85 32
61 70 82
26 89 10
33 87 50
93 4 54
49 78 7
4 93 31
84 39 94
60 70 65
30 87 67
93 2 18
89 24 33
92 10 48
83 41 42
6 92 21
43 82 16
71 59 14
4 93 73
70 61 10
91 19 29
10 92 55
26 89 91
10 92 0
64 67 87
87 32 45
9 92 27
39 84 13
87 33 36
66 65 8
67 63 67
34 86 71
93 2 94
23 90 1
87 33 75
90 21 55
70 61 48
84 38 72
93 0 96
14 92 57
88 28 54
67 64 30
91 17 88
58 72 16
78 51 78
52 77 73
73 58 37
91 16 61
80 47 90
32 87 32
39 84 96
45 81 13
30 88 28
58 73 27
32 87 38
80 47 81
17 91 62
39 84 83
28 89 42
72 58 87
65 66 24
91 17 9
75 54 52
92 12 18
12 92 28
10 92 83
33 87 24
92 16 55
66 65 28
90 22 40
35 86 60
70 61 50
7 93 39
91 19 89
60 71 20
10 93 50
53 76 33
0 93 9
46 81 15
25 90 93
17 91 79
80 47 58
25 89 58
72 59 18
47 80 89
93 4 74
70 61 42
39 84 1
5 93 38
86 36 8
43 82 38
48 80 3
39 84 42
92 15 58
88 31 37
52 77 1
39 84 76
44 82 71
37 85 56
85 37 50
59 72 4
44 82 26
91 19 49
49 79 20
68 64 63
73 57 22
60 71 95
5 93 31
83 43 68
93 0 48
91 21 11
39 85 84
93 9 89
92 16 5
93 3 12
93 8 26
6 93 11
74 57 71
81 47 62
89 27 42
5 93 84
93 2 3
92 17 65
53 77 18
14 92 50
73 58 49
32 88 47
93 2 19
63 69 37
84 40 45
55 76 52
6 93 66
77 53 72
54 76 82
94 0 61
89 28 55
88 31 97
94 2 92
94 2 21
10 93 9
41 84 35
94 1 31
92 19 42
84 41 48
93 6 83
94 0 69
92 19 26
70 63 91
94 3 44
66 66 25
56 75 23
88 31 10
13 93 2
37 86 57
55 75 7
8 93 21
93 9 94
10 93 44
62 70 5
86 37 22
85 39 20
88 32 12
93 10 50
88 33 76
6 94 36
94 5 26
89 29 37
13 93 36
85 40 30
71 61 35
93 10 17
94 3 92
88 33 27
80 49 64
65 67 44
27 90 16
41 84 79
15 93 0
38 86 57
88 34 98
71 61 62
52 78 58
19 92 60
4 94 84
25 90 59
20 92 67
94 1 7
50 79 52
92 18 61
81 47 93
24 91 48
54 77 80
93 16 92
79 50 52
30 89 47
78 52 21
94 1 55
86 38 24
2 94 73
58 74 67
91 23 5
63 69 34
90 26 22
4 94 60
91 23 33
85 39 64
93 13 52
5 94 36
59 73 30
35 87 80
72 60 73
88 34 51
57 75 50
53 78 62
92 21 91
62 71 59
71 61 26
62 71 53
5 94 5
94 10 97
93 16 9
73 59 78
89 31 77
33 88 30
94 12 8
8 94 90
93 16 16
22 92 52
14 93 91
94 3 29
94 7 19
68 65 99
39 86 85
65 69 71
16 93 41
52 79 59
21 92 85
43 84 41
64 69 30
34 88 89
66 68 33
28 90 91
59 74 16
81 48 50
94 13 42
66 68 78
28 90 47
30 90 39
86 40 12
61 72 90
75 58 82
74 59 98
27 91 94
23 92 72
69 64 45
50 80 83
37 87 34
13 94 30
89 32 57
16 93 98
93 19 85
77 55 17
80 51 77
67 66 45
41 85 31
71 62 53
76 56 9
92 22 87
94 14 52
40 86 53
7 94 81
95 5 47
87 36 71
88 33 86
7 94 78
61 72 68
24 92 17
91 25 89
81 49 81
22 92 14
29 90 32
92 22 39
19 93 41
95 6 83
84 43 2
37 87 61
89 34 58
11 94 55
90 28 80
29 90 86
7 95 95
32 89 41
15 94 43
47 82 68
75 58 24
92 23 33
25 91 67
26 91 54
47 82 2
34 88 61
64 70 45
40 86 77
0 95 80
45 84 55
35 88 86
49 81 73
91 28 37
33 89 93
11 94 59
80 51 45
33 89 43
62 72 30
75 58 98
19 93 87
94 16 44
41 86 61
91 28 7
63 71 5
39 87 0
5 95 97
65 69 81
43 85 11
37 88 79
69 65 1
13 94 90
57 76 93
89 33 67
95 10 14
95 2 69
90 32 72
95 8 88
87 40 22
11 95 64
91 27 65
82 48 64
94 15 45
51 80 35
73 62 93
64 71 83
79 53 1
95 11 1
91 27 73
82 48 8
87 38 38
16 94 82
90 32 2
71 64 37
68 66 77
61 73 86
11 95 83
87 38 47
78 54 14
15 94 68
90 32 33
55 78 30
91 28 45
89 34 33
20 93 34
37 88 92
17 94 44
94 15 58
84 45 19
89 33 26
13 95 41
80 52 14
95 12 2
7 95 36
77 57 35
61 74 62
93 22 80
53 80 34
61 73 8
54 79 96
31 90 53
89 33 21
16 94 72
17 94 75
50 81 89
50 82 63
4 96 8
18 94 91
80 52 29
36 89 34
38 88 60
16 94 76
35 89 0
81 51 4
27 92 35
4 96 28
96 1 83
9 95 89
45 84 23
48 82 33
41 86 98
96 1 83
38 88 38
24 93 60
50 82 79
85 44 58
25 92 11
17 94 81
77 57 37
95 8 65
96 5 28
30 91 52
41 87 66
95 10 44
59 75 68
83 48 29
96 5 59
87 41 48
93 21 6
78 56 73
19 94 51
71 64 95
76 58 5
43 86 63
43 85 64
90 32 73
96 1 8
28 92 61
91 30 47
93 24 63
0 96 9
56 78 88
52 80 29
23 93 3
1 96 16
96 7 79
68 68 41
64 72 52
72 64 55
25 93 17
95 16 26
19 94 73
96 4 92
30 91 99
57 77 57
94 17 83
4 96 83
96 2 38
45 85 20
23 93 43
96 10 94
95 11 44
96 1 74
32 90 95
60 75 10
52 81 79
34 90 74
90 34 21
62 73 70
69 67 90
48 83 40
37 89 58
18 94 13
62 73 95
8 96 99
50 82 97
20 94 85
26 93 12
80 54 77
67 69 8
84 47 60
78 57 21
95 16 93
73 63 67
84 47 58
91 32 36
74 62 79
30 91 47
56 78 54
43 86 17
38 88 91
91 31 63
96 5 98
87 42 31
91 30 91
95 16 10
95 18 74
41 87 57
89 35 65
61 74 81
43 86 91
70 66 26
28 92 49
81 51 83
64 72 78
96 11 81
77 58 75
96 6 17
34 90 16
82 50 99
0 96 29
45 85 98
95 18 59
82 50 59
72 64 48
19 94 1
9 96 68
63 73 30
95 19 42
28 92 23
34 90 24
43 86 66
22 94 62
70 66 92
3 96 39
1 97 78
10 96 60
0 97 12
29 92 53
77 58 26
89 37 27
91 32 82
82 51 71
94 20 53
96 6 81
79 56 51
49 83 26
94 24 93
97 1 19
55 79 23
50 82 97
38 89 9
86 43 88
46 85 21
58 77 37
12 96 80
96 9 85
96 12 31
72 64 93
61 75 3
92 30 27
19 95 74
32 91 82
91 32 16
31 92 74
83 49 30
25 93 16
16 95 90
81 52 55
24 94 76
90 34 33
92 30 92
8 96 79
28 93 40
74 62 36
45 86 52
74 62 24
38 89 32
60 76 6
23 94 24
80 55 59
65 72 57
61 75 65
84 48 64
7 97 98
53 81 44
96 9 98
24 94 31
95 20 87
84 48 23
49 83 95
53 81 13
73 64 78
5 97 48
72 64 52
36 90 59
77 58 12
1 97 82
93 28 85
39 88 83
95 19 64
71 65 96
79 56 37
73 63 75
27 93 81
49 83 14
83 50 95
11 96 50
74 62 4
70 67 40
77 59 36
7 97 56
94 23 66
42 87 47
69 68 88
1 97 53
90 36 31
91 33 84
49 84 33
41 88 4
56 79 89
67 70 31
58 77 49
40 88 32
76 60 7
89 38 41
52 81 31
73 64 97
2 97 77
92 30 66
39 89 11
96 15 24
43 87 79
22 95 87
75 62 63
78 57 29
96 12 12
64 73 83
55 80 45
96 16 83
65 72 31
91 33 9
97 1 64
96 15 39
95 21 6
91 34 59
95 21 55
48 85 26
87 44 98
57 79 55
80 55 4
83 50 26
69 68 31
16 96 44
82 51 42
94 24 61
17 96 84
15 96 55
74 63 50
96 14 31
52 82 99
96 12 34
68 69 38
10 97 80
22 95 21
97 9 10
84 49 20
97 8 57
14 96 27
45 86 44
97 0 36
27 94 76
46 85 88
54 81 18
42 88 3
97 10 84
46 86 99
97 13 31
72 66 93
50 84 56
90 36 8
16 96 28
85 48 71
95 21 84
94 26 12
72 66 73
58 78 19
68 70 92
60 77 59
66 71 17
13 97 87
95 22 68
72 65 8
94 24 45
65 73 81
9 97 85
81 54 0
78 58 14
54 81 34
36 91 70
13 97 71
43 88 60
79 58 41
0 98 58
95 23 81
76 61 95
91 34 65
23 95 78
80 55 10
38 90 32
80 55 97
97 8 85
33 92 86
71 67 10
76 62 89
54 81 68
76 61 77
4 98 11
77 59 44
97 10 50
92 33 87
56 80 28
89 39 17
98 7 65
41 89 75
86 46 88
72 66 12
97 16 24
95 22 12
40 89 25
62 75 79
67 71 19
94 27 86
15 97 47
11 97 32
16 96 69
63 75 88
98 2 87
69 70 3
74 64 11
48 85 65
92 34 84
60 78 3
98 2 1
13 97 43
74 64 21
97 10 0
7 98 69
80 56 36
80 57 10
95 22 73
4 98 53
63 74 52
68 71 36
92 34 24
92 32 41
1 98 82
12 97 95
85 48 48
98 6 77
73 65 88
88 42 63
96 18 7
88 42 19
91 36 66
53 82 71
98 5 79
11 97 29
74 65 41
84 50 0
40 89 94
6 98 15
87 45 98
56 80 44
35 91 44
98 6 94
41 89 53
41 89 17
88 42 85
0 98 90
36 91 86
83 53 53
89 41 74
17 97 50
98 11 58
85 48 7
98 5 62
98 3 67
45 87 0
87 45 9
31 93 47
61 77 99
28 94 98
49 85 71
28 94 37
77 61 64
1 98 89
52 83 56
79 58 63
92 34 95
1 98 27
95 26 32
31 93 23
52 83 96
60 78 92
56 80 88
74 65 12
4 98 36
2 98 75
64 74 56
90 40 19
60 78 59
89 41 42
53 83 96
45 87 30
68 71 18
93 31 51
32 93 2
97 14 78
95 23 68
18 97 90
59 78 96
53 82 81
46 87 76
23 96 97
26 95 19
74 64 98
3 98 71
93 31 43
28 94 24
26 95 37
26 95 80
61 77 1
49 85 89
44 88 60
93 31 30
1 98 43
28 94 8
58 79 66
62 77 41
68 71 79
98 5 90
88 43 88
96 23 6
80 57 56
1 99 83
49 85 62
60 78 47
8 98 63
97 18 0
6 98 0
51 84 76
98 5 30
94 28 72
28 95 62
91 38 90
96 21 77
86 49 27
81 56 68
96 21 15
91 38 19
82 54 40
24 96 75
79 59 57
48 86 1
82 54 74
94 30 79
98 11 32
39 90 79
96 24 16
80 58 71
99 1 3
75 64 69
97 20 87
56 81 82
92 34 16
20 97 85
46 87 8
94 30 63
82 55 25
73 66 58
93 32 74
48 86 52
34 92 10
86 48 96
36 92 49
24 96 20
35 92 50
93 34 43
62 77 61
67 72 17
27 95 96
53 84 14
8 99 6
99 7 93
72 67 99
82 55 31
84 52 44
98 15 50
64 75 17
96 22 18
95 28 67
98 15 97
95 27 28
77 62 1
89 43 88
80 57 6
65 74 34
61 78 89
99 4 7
84 52 60
93 33 61
80 57 69
99 5 32
99 8 1
99 9 93
15 98 39
66 74 1
23 96 77
11 98 42
52 84 45
87 48 97
86 50 62
87 46 69
17 98 76
98 13 61
99 4 90
38 92 94
86 49 95
99 1 29
90 42 5
24 96 32
53 83 65
67 73 58
18 97 8
19 97 79
9 99 12
94 31 74
43 89 74
98 15 3
25 96 98
93 35 41
98 16 82
98 17 21
54 83 41
88 46 26
81 57 86
94 31 39
97 21 89
98 12 24
37 92 68
31 94 30
17 98 36
89 43 49
13 98 28
72 68 23
38 92 32
5 99 8
68 72 41
98 15 49
79 59 77
10 99 34
85 51 78
97 21 71
42 90 87
50 86 66
92 37 38
2 99 74
97 21 28
27 95 94
94 33 27
87 47 54
29 95 72
81 57 13
76 64 47
14 98 51
99 11 73
81 57 17
21 97 71
69 71 23
80 59 97
26 96 58
37 92 64
68 73 77
80 58 90
91 41 98
77 62 98
80 59 52
50 86 52
80 59 4
98 19 85
99 9 97
65 75 15
22 97 19
98 15 23
12 99 14
44 89 82
54 83 86
59 80 18
99 7 51
39 91 61
5 99 43
70 71 51
99 11 27
93 36 24
80 59 72
41 91 39
96 25 12
77 63 11
28 95 83
60 80 1
81 57 85
21 97 84
96 28 96
23 97 42
85 52 88
28 96 33
14 99 19
97 23 98
78 61 38
93 35 86
99 11 93
53 84 16
98 19 51
33 94 2
54 83 58
80 60 66
91 40 20
48 87 12
99 13 87
25 96 5
47 88 54
98 20 9
62 78 11
32 94 56
28 96 62
12 99 55
60 80 82
93 36 97
62 78 81
93 35 59
84 54 67
66 75 85
99 8 25
97 24 55
33 94 27
85 52 8
97 22 73
58 81 91
11 99 26
98 17 1
94 33 66
50 86 79
68 73 7
42 90 96
24 97 99
81 58 23
99 11 91
24 97 57
42 91 32
11 99 56
54 84 2
35 94 75
53 84 48
82 57 17
88 46 66
70 71 5
97 26 10
41 91 53
48 88 26
82 56 80
93 37 5
50 86 41
97 23 37
22 98 92
27 96 39
26 96 85
19 98 92
97 26 26
48 87 9
23 97 62
48 88 84
72 69 89
92 39 6
93 37 27
70 72 83
29 96 79
99 16 12
97 26 57
66 75 70
91 42 89
76 65 56
92 40 36
43 91 96
88 47 44
55 83 52
56 83 29
43 91 69
82 58 50
69 73 35
95 32 1
57 83 0
36 93 55
82 57 69
20 98 17
61 80 77
55 83 35
23 98 67
27 97 79
72 70 47
39 92 28
62 79 16
90 45 37
99 18 51
98 23 2
25 97 13
86 52 37
34 94 69
24 97 93
94 34 25
60 80 71
74 68 85
57 82 28
96 28 23
15 99 40
79 62 64
77 65 40
98 22 31
70 71 67
20 99 67
71 71 0
87 51 28
91 41 37
83 57 57
50 87 83
58 82 74
44 90 63
99 18 52
72 70 75
86 52 43
28 96 91
60 81 31
80 61 82
72 70 39
54 84 66
35 94 97
83 57 72
74 68 47
80 61 87
82 58 94
35 94 68
99 19 79
98 22 28
29 96 76
92 40 11
88 49 30
74 68 4
90 46 21
94 36 1
84 56 84
86 53 6
89 47 91
89 48 56
79 63 34
78 63 92
91 42 60
39 93 71
88 50 51
52 86 84
96 31 11
97 28 0
52 86 44
17 99 52
44 91 39
60 81 76
80 61 30
99 20 88
64 77 46
92 42 88
82 58 72
37 94 81
72 70 79
39 93 23
93 38 79
90 45 93
62 79 65
63 79 65
97 28 51
88 48 35
38 94 77
98 23 28
40 93 15
65 77 45
83 58 20
56 84 30
31 96 63
95 34 14
69 73 98
22 98 53
95 35 48
90 45 89
69 74 95
62 80 64
86 53 15
97 26 92
83 57 83
96 30 86
58 82 60
91 44 41
89 48 14
69 74 17
46 90 86
98 25 88
36 94 99
44 91 36
22 99 24
86 52 66
59 82 96
62 79 59
42 92 12
77 66 58
25 98 93
88 49 74
27 97 78
77 65 33
64 78 0
98 26 53
93 41 53
98 26 17
62 80 35
93 41 37
37 94 96
33 96 2
99 19 84
99 19 29
92 42 39
65 78 86
40 93 47
47 89 65
81 61 30
99 23 91
41 93 33
48 89 59
64 79 57
97 28 93
73 70 41
64 79 46
74 69 18
82 60 47
63 79 11
95 36 13
63 79 55
86 54 18
46 90 45
99 23 18
96 31 99
98 27 49
43 92 75
54 86 11
72 71 49
84 57 69
82 59 73
98 26 46
96 32 23
40 93 59
51 88 56
28 98 0
94 38 40
43 92 41
49 89 88
91 45 65
86 54 3
86 53 99
88 51 35
55 85 0
98 27 18
74 70 10
67 77 29
26 98 93
88 50 80
91 44 2
38 94 64
84 58 37
85 56 86
66 77 48
70 74 47
79 64 56
66 77 16
70 73 80
90 46 5
70 74 25
64 79 79
97 32 91
87 53 23
41 93 8
87 53 81
99 25 49
51 88 17
43 92 37
89 49 78
91 46 77
91 44 51
87 53 91
83 58 23
71 73 83
85 55 98
64 79 8
96 35 96
97 30 28
68 75 30
92 44 76
67 77 43
51 88 24
39 94 40
33 96 60
41 93 19
88 51 63
74 70 38
54 86 30
85 55 79
45 91 48
76 68 21
45 92 11
99 25 49
85 56 94
68 76 44
25 99 20
29 98 80
73 71 70
88 51 13
82 61 30
26 99 6
45 92 97
83 59 47
92 44 29
95 36 95
98 29 93
75 69 97
78 66 87
50 89 37
98 28 82
30 98 3
58 84 38
44 92 29
95 37 45
89 50 62
58 84 58
65 79 5
35 96 81
71 73 73
72 72 81
57 85 96
33 97 0
54 86 98
45 92 71
78 66 98
51 89 91
51 89 22
91 47 61
42 93 89
78 66 32
35 96 99
54 87 24
56 86 40
95 37 81
65 79 12
88 52 38
74 71 32
72 73 32
89 50 94
87 53 38
55 86 46
32 97 60
47 91 2
83 60 61
26 99 88
85 57 26
29 98 51
94 41 84
98 30 13
59 84 49
75 69 33
98 29 6
93 43 38
99 27 54
76 69 29
31 98 7
81 63 28
74 71 91
83 60 65
97 33 23
38 95 71
74 71 64
26 99 23
68 77 71
34 97 50
26 99 83
85 57 57
44 93 79
66 78 40
90 49 69
96 36 2
65 79 78
88 53 4
41 94 13
62 82 85
87 55 34
98 32 64
97 34 20
77 68 6
75 70 10
90 50 65
74 71 24
77 68 80
29 99 88
45 93 93
30 98 98
91 47 12
74 71 8
54 88 47
87 54 12
47 91 44
36 96 60
94 41 0
32 98 2
83 61 8
34 97 0
71 74 46
35 97 66
99 27 9
43 93 54
67 78 47
31 98 70
48 91 72
72 74 61
29 99 89
95 40 1
53 88 33
84 59 80
44 93 11
98 32 32
74 72 86
72 74 79
76 69 49
97 36 9
83 61 97
80 65 32
90 50 61
54 88 75
91 48 78
93 44 21
94 41 47
36 97 8
99 30 88
81 63 49
61 83 4
29 99 26
74 72 41
39 95 30
88 54 9
99 28 0
39 96 75
90 50 27
91 49 25
93 45 48
99 30 64
91 49 26
64 81 38
42 94 36
58 85 91
59 85 65
94 42 31
56 87 26
96 37 14
96 38 30
82 63 7
43 94 16
40 95 16
60 84 73
41 95 47
86 58 0
95 40 78
40 95 28
98 33 72
39 96 29
88 55 75
33 98 76
57 86 78
66 79 79
99 29 1
59 85 82
89 52 16
94 43 47
84 60 24
82 63 28
76 70 17
97 36 8
67 79 63
70 77 60
88 55 28
52 90 64
58 86 83
39 96 73
95 42 19
86 58 34
70 77 84
37 97 96
97 37 94
53 89 99
39 96 40
48 92 12
74 72 86
98 35 53
30 99 54
62 83 28
44 94 90
75 72 34
86 58 78
57 87 30
73 73 91
70 77 9
31 99 58
87 56 76
79 67 3
95 41 46
48 92 83
71 76 47
50 91 64
47 92 97
76 71 69
79 67 35
93 46 25
90 53 5
90 52 61
90 52 78
90 52 56
93 46 46
50 91 13
99 33 65
33 98 49
74 72 56
49 92 77
51 91 36
41 96 95
93 46 11
87 57 63
79 67 97
77 70 39
44 94 38
48 92 81
33 99 1
59 86 73
87 58 22
92 49 48
64 82 84
74 73 21
55 88 15
67 79 13
99 33 32
57 87 63
48 92 95
86 59 34
32 99 50
90 53 64
70 77 36
53 90 86
76 71 29
59 86 1
92 50 81
64 82 89
69 78 28
82 64 85
99 31 49
86 58 49
91 50 16
58 87 67
71 76 42
54 89 3
48 92 48
59 86 71
89 54 20
83 63 75
95 42 68
74 73 20
38 97 37
98 37 65
48 92 40
37 97 52
94 45 49
57 87 44
98 37 9
82 64 99
75 73 67
63 83 70
64 82 17
88 57 20
59 86 32
93 47 45
36 98 26
84 62 13
86 60 24
99 33 45
57 87 85
97 40 69
60 85 46
82 65 0
66 81 60
92 49 97
60 86 68
63 84 7
85 62 96
85 61 78
91 52 63
82 65 20
77 71 82
58 87 41
85 61 70
63 83 30
71 77 42
73 75 46
39 97 87
61 85 52
68 80 39
38 98 78
93 47 26
97 40 69
97 40 61
92 51 19
84 63 49
54 90 84
41 97 73
90 54 50
84 63 44
72 76 77
81 66 1
69 79 55
88 57 37
74 74 11
60 86 79
99 35 52
74 74 0
98 37 73
79 69 63
89 55 14
39 97 33
65 82 84
79 69 6
96 42 96
75 74 1
52 91 35
39 98 73
67 81 88
78 70 70
96 42 32
80 68 64
53 91 89
44 96 46
74 75 24
95 46 15
45 95 12
99 36 57
65 83 55
39 98 53
64 84 36
89 56 58
90 55 95
81 68 25
87 59 58
44 96 24
55 90 31
95 45 34
36 99 19
82 67 85
42 97 11
84 64 94
76 73 80
47 95 34
97 40 69
43 96 28
71 77 78
54 90 83
76 73 29
78 71 49
45 95 85
44 96 45
97 41 26
80 69 30
48 94 22
90 55 43
53 91 92
84 64 24
41 97 62
64 84 63
94 48 64
45 96 20
45 96 92
85 63 97
99 36 39
42 97 31
69 80 88
93 50 3
90 56 8
79 70 99
93 49 83
79 71 56
59 88 45
96 45 71
98 39 42
50 93 19
38 99 60
69 80 45
59 88 82
94 49 71
86 62 53
56 90 22
76 74 57
78 71 48
91 53 73
94 48 92
68 81 10
95 46 53
86 62 41
61 86 0
58 88 0
45 96 15
76 74 65
88 59 24
69 80 57
76 74 8
52 92 82
98 40 36
45 96 37
84 65 41
53 92 91
77 72 78
72 78 57
82 67 20
92 53 94
60 87 47
96 45 4
77 73 30
76 74 68
82 67 39
40 98 11
86 62 72
41 98 18
97 43 1
62 86 21
62 86 59
88 60 80
64 85 91
62 86 78
97 43 31
88 60 98
94 50 8
57 90 79
82 67 59
98 41 76
82 67 1
93 52 81
78 72 20
96 46 46
87 62 26
42 97 77
48 95 48
71 79 28
68 82 2
76 74 63
91 55 20
90 56 97
96 45 72
78 72 50
45 96 33
48 95 18
83 67 66
76 74 99
78 72 38
53 92 39
97 43 70
96 46 82
89 58 33
72 79 50
91 55 21
94 51 10
92 54 69
86 63 66
64 85 55
78 73 36
57 90 78
85 64 47
55 91 14
51 94 55
49 94 73
53 93 6
90 58 93
58 90 15
48 95 52
60 88 70
55 92 11
76 74 57
80 71 76
96 47 84
78 73 27
68 83 85
80 71 69
89 58 57
46 96 32
59 89 20
96 47 58
96 46 95
66 84 14
97 45 70
90 57 42
51 94 43
82 68 96
56 91 43
57 90 62
63 86 43
90 58 55
75 77 23
51 94 62
94 52 33
85 64 54
98 42 28
89 60 32
80 71 51
93 53 0
43 98 36
78 73 27
69 82 45
95 49 46
92 54 5
96 47 69
62 87 42
90 58 5
93 53 24
79 73 77
87 63 40
91 56 6
99 41 30
45 97 16
89 60 80
88 61 53
52 94 35
73 79 68
51 94 40
79 73 98
92 56 73
76 76 99
72 79 97
88 61 44
96 48 77
96 48 41
54 93 90
92 55 49
98 45 48
91 57 73
81 71 27
89 60 40
63 87 27
75 77 17
51 94 20
81 71 15
87 62 40
87 63 89
84 67 83
47 96 7
94 52 45
91 57 14
96 48 34
86 64 96
46 97 93
68 83 87
78 74 34
57 91 98
48 96 72
47 97 25
57 91 76
86 64 52
41 99 20
43 99 44
92 56 8
81 70 43
67 84 73
97 47 1
41 99 2
94 52 25
84 67 29
88 62 50
86 64 11
83 69 29
76 76 36
75 77 75
52 94 17
83 68 0
71 81 9
50 95 89
62 88 16
88 62 64
58 91 40
96 48 93
87 64 79
48 96 52
84 68 86
50 96 66
88 63 86
92 56 19
46 97 38
65 86 18
71 82 17
71 81 92
98 46 77
85 67 88
84 68 81
99 43 98
62 88 8
64 87 88
70 82 1
80 72 89
97 47 6
80 73 6
48 97 24
84 68 12
44 99 71
75 78 69
89 61 99
68 84 43
93 55 26
86 65 83
42 99 45
84 68 43
91 58 5
60 90 75
96 49 22
99 43 70
62 89 77
53 94 39
89 61 46
93 55 70
99 43 84
95 51 56
90 61 65
53 94 21
45 98 69
66 86 18
56 93 37
51 96 50
72 81 78
99 44 7
54 94 84
59 91 48
61 90 87
96 50 14
69 84 76
73 80 26
64 87 91
65 86 77
67 85 90
96 50 13
93 56 4
63 88 81
87 64 43
91 59 78
50 96 45
53 94 48
47 98 87
60 90 35
60 90 10
96 51 26
44 99 85
99 45 84
82 71 26
81 72 32
82 71 56
52 95 53
61 90 72
82 71 52
71 82 66
55 94 66
71 82 66
58 92 7
74 79 23
52 95 4
48 97 94
73 80 33
97 49 90
46 98 35
95 53 20
91 59 38
71 82 44
51 96 54
98 48 81
79 74 75
50 97 97
73 81 73
46 99 58
53 95 68
69 84 71
90 62 33
99 45 73
92 58 86
95 53 74
85 68 35
96 52 49
67 86 78
59 91 89
92 58 75
69 84 49
91 60 36
97 50 91
63 89 94
69 85 80
96 52 49
57 93 3
51 96 69
59 92 40
63 89 15
60 91 39
61 91 24
99 45 59
78 76 94
70 84 21
48 98 40
69 84 9
85 68 40
91 60 46
51 96 89
84 70 84
62 90 23
55 94 47
63 89 8
94 56 99
82 72 22
88 65 5
96 53 36
91 60 97
55 95 15
79 75 41
73 81 95
90 62 59
57 93 61
77 78 54
60 91 13
65 88 91
98 48 74
73 81 41
68 85 73
46 99 47
69 85 55
72 83 34
95 53 26
61 91 16
72 82 58
75 80 83
67 86 2
46 99 30
92 59 44
48 99 53
48 98 75
76 79 1
95 55 55
58 93 74
66 88 83
97 52 41
81 73 99
58 93 5
62 90 49
77 78 78
51 97 52
88 65 42
98 49 44
86 69 8
55 95 91
66 88 66
55 95 71
67 87 10
84 71 20
75 80 90
95 56 97
78 77 12
92 60 62
94 57 94
86 68 72
70 85 87
73 82 85
64 89 94
98 49 26
66 88 18
97 51 70
86 69 27
59 93 5
98 51 81
97 51 55
64 89 60
91 61 76
82 73 14
78 77 65
69 85 1
69 86 11
85 69 8
74 81 32
97 51 68
59 93 72
52 97 69
65 89 99
99 49 76
80 76 34
80 76 98
50 98 15
86 69 26
81 74 82
65 89 54
64 89 63
84 71 78
56 95 98
66 88 4
54 96 62
54 96 6
48 99 45
76 80 68
66 88 7
58 94 84
49 99 52
88 66 38
78 78 59
97 53 22
78 78 66
56 95 49
82 74 7
64 90 52
89 65 13
78 78 36
87 68 88
78 79 37
65 89 60
95 57 33
98 51 93
67 88 21
82 74 65
64 90 54
88 66 22
82 74 10
59 93 38
71 85 12
94 59 61
98 51 91
98 51 24
62 92 65
60 93 83
64 90 13
63 91 87
94 59 93
63 91 77
95 57 71
92 62 78
56 95 99
73 84 72
96 55 74
58 95 71
93 60 79
49 99 31
85 71 34
73 84 14
60 93 27
63 91 64
92 62 31
96 56 22
87 68 9
70 86 56
50 99 77
81 76 41
82 75 31
92 62 26
61 93 36
88 68 74
87 69 57
83 74 68
65 90 56
69 87 12
94 58 21
70 86 44
74 82 77
58 95 53
62 92 43
77 80 84
93 61 11
96 56 9
95 58 33
63 91 5
70 87 70
58 95 26
55 97 80
87 69 70
98 52 18
90 65 1
85 72 55
93 61 87
74 83 95
86 70 87
75 82 36
60 94 27
83 75 2
63 92 3
93 62 59
88 69 43
97 55 32
87 70 31
87 70 68
67 89 6
98 53 6
76 82 37
87 70 60
95 59 25
58 95 73
68 89 52
94 60 83
62 93 51
83 75 41
76 82 48
62 93 31
69 88 66
54 98 52
94 60 87
77 81 24
74 84 76
60 94 46
98 55 81
69 88 91
83 74 33
82 75 20
90 66 24
75 83 45
59 95 63
91 65 44
59 95 57
65 91 69
90 67 85
83 75 65
75 83 42
76 82 68
71 87 52
97 56 64
55 98 76
87 70 39
97 55 85
56 97 56
53 99 20
53 99 53
55 98 17
80 78 36
83 75 91
77 81 81
57 97 84
95 59 10
86 72 98
65 92 41
96 58 31
68 90 99
72 86 6
63 93 53
85 73 17
96 59 44
88 69 1
79 80 14
87 71 17
59 95 76
53 99 48
83 76 28
85 74 49
98 55 75
95 61 40
92 64 20
75 83 3
76 83 26
97 57 24
78 82 82
99 53 47
75 84 58
75 84 56
90 68 67
93 64 61
73 86 18
92 66 98
75 84 29
95 60 76
76 84 35
74 85 38
91 66 9
86 72 93
97 58 29
79 81 16
61 95 87
81 78 96
98 56 27
69 89 16
70 89 32
73 86 4
77 83 59
54 99 62
64 93 1
61 95 6
87 72 85
73 86 62
95 62 39
65 93 21
54 99 22
85 75 48
98 56 21
85 75 48
97 58 18
72 87 39
61 95 75
95 62 18
90 68 50
55 99 59
86 74 92
95 62 17
72 88 19
67 91 89
84 76 66
74 86 98
62 95 73
63 94 14
75 85 19
97 58 33
68 90 96
78 83 22
95 62 79
61 96 22
89 70 65
90 69 86
61 96 83
61 96 27
99 55 6
78 82 56
72 87 77
87 73 77
80 80 8
68 91 18
90 70 22
79 81 96
66 92 43
62 95 15
64 94 75
69 91 3
76 85 49
96 60 22
97 60 24
94 64 10
86 75 78
64 94 9
76 85 69
70 90 26
83 78 37
96 61 33
84 77 44
57 99 36
62 96 69
62 96 4
90 70 51
98 59 31
97 59 66
72 88 82
89 71 80
69 91 27
73 87 67
64 94 90
92 68 10
63 95 94
94 65 0
85 76 57
77 84 68
82 80 12
94 65 73
95 64 45
82 79 93
79 82 57
84 77 86
61 97 39
88 73 31
71 90 22
82 79 49
77 84 12
75 86 48
92 68 23
99 57 14
92 68 73
88 72 14
98 59 15
95 64 2
83 78 94
99 57 97
95 64 16
95 64 31
73 88 68
75 87 22
91 70 77
99 58 81
68 92 9
96 62 52
73 88 16
96 62 94
99 58 49
73 88 35
84 77 66
81 81 74
86 76 60
78 84 51
94 66 14
72 89 68
91 70 18
89 72 74
93 67 73
73 88 23
72 89 88
88 73 32
59 99 21
69 92 58
99 58 88
90 71 8
58 99 58
79 84 77
83 80 84
64 96 39
68 93 18
64 96 68
65 95 9
90 72 82
63 96 41
79 84 58
97 62 62
95 64 17
94 66 90
87 75 71
60 98 30
90 71 37
69 92 63
81 82 4
66 94 70
78 85 76
62 97 46
81 82 82
91 71 66
85 78 87
76 87 44
66 95 23
93 68 99
94 66 13
62 97 69
66 95 31
99 60 47
81 83 79
74 89 75
94 67 92
66 95 51
82 82 59
92 70 38
94 67 55
65 95 12
86 78 65
66 95 22
87 76 90
67 94 44
78 86 80
99 60 60
66 95 0
88 75 95
85 79 1
82 82 98
99 60 28
75 88 70
93 69 9
94 67 10
90 73 92
76 88 22
80 84 45
72 91 79
86 77 31
89 75 51
74 89 62
72 91 25
75 88 92
74 89 62
83 81 8
96 66 86
87 77 80
70 93 38
77 87 3
89 75 82
80 84 78
93 70 48
95 68 29
65 97 3
84 81 39
81 84 76
98 62 23
77 87 90
62 98 94
77 87 74
71 92 58
80 84 80
85 80 16
98 63 22
96 65 79
70 93 13
93 71 15
82 83 50
83 82 44
65 97 67
64 97 6
62 98 69
68 94 5
88 76 47
91 73 91
93 70 27
96 66 3
98 62 33
94 69 38
94 69 68
87 78 66
96 66 35
70 93 23
74 90 80
98 63 9
98 63 39
77 88 19
66 96 96
81 84 9
74 90 32
83 82 65
95 68 43
74 90 19
65 97 26
97 66 28
88 77 9
67 96 85
97 66 44
94 70 25
93 70 29
67 96 32
71 93 53
77 88 34
64 98 74
75 90 7
99 62 7
85 81 0
92 73 43
84 82 59
98 64 83
99 63 17
78 88 65
90 76 61
66 97 98
84 82 73
99 63 15
95 69 72
95 70 35
77 89 72
85 81 20
74 91 63
77 89 83
99 63 33
82 84 28
72 93 73
79 87 22
85 81 5
81 85 52
90 76 99
91 74 52
72 93 26
90 75 60
99 64 38
73 92 35
79 87 19
75 90 8
93 72 31
72 93 81
81 85 98
74 92 11
90 76 34
97 67 21
68 96 91
83 83 69
73 92 4
68 96 80
92 73 34
93 72 41
90 76 0
70 95 44
94 71 81
88 79 19
65 99 91
98 66 84
70 95 11
67 97 13
95 70 16
68 97 32
76 90 49
84 83 48
77 89 91
96 69 19
98 67 85
76 91 54
78 89 15
77 90 33
79 88 56
81 87 84
96 70 26
91 76 85
83 84 49
88 79 73
97 68 85
89 79 1
97 68 53
89 78 13
94 72 92
95 71 1
94 73 48
90 77 99
81 87 85
96 69 44
69 97 81
95 71 93
87 81 12
68 97 28
95 71 34
75 92 21
83 85 92
86 82 42
75 92 99
79 89 38
87 81 67
76 91 99
96 70 78
68 97 54
76 92 81
72 95 17
74 93 24
89 79 41
65 99 59
87 81 4
95 71 98
79 89 23
83 86 15
84 85 24
97 69 55
71 95 0
94 73 39
97 69 40
74 94 19
94 73 28
69 97 77
71 95 56
94 73 89
86 82 86
74 93 55
92 76 78
94 73 58
72 95 5
86 82 61
85 83 44
96 71 27
92 76 35
90 78 82
88 81 19
76 92 80
98 69 38
87 82 99
81 87 63
83 85 51
68 98 22
95 73 1
97 70 75
88 81 40
77 91 47
71 96 31
81 87 37
71 96 16
94 74 96
84 85 94
78 90 99
92 77 68
79 90 4
73 95 94
94 74 65
80 89 88
68 98 16
72 96 51
73 94 20
68 98 81
78 91 12
94 75 13
67 99 32
90 79 47
71 96 8
83 86 23
99 67 53
87 83 22
83 86 60
81 88 30
95 73 51
83 87 72
99 67 19
80 90 69
98 70 14
99 67 97
81 88 31
88 82 32
93 76 23
88 81 42
99 69 30
83 87 98
80 90 80
77 92 21
91 78 67
85 85 24
88 82 86
90 80 82
90 79 38
94 75 42
82 88 49
75 94 27
72 97 20
81 89 4
96 73 97
93 76 34
94 75 92
97 72 3
89 81 59
83 87 54
84 86 57
85 86 68
95 75 86
87 83 66
90 80 21
77 93 99
95 74 88
74 96 21
88 82 85
68 99 46
88 83 33
94 76 47
86 85 25
78 92 38
80 91 49
80 90 65
97 72 71
97 73 32
93 77 36
78 93 1
96 74 28
77 93 20
78 92 32
75 95 61
90 81 26
94 76 59
71 98 66
86 86 49
98 71 55
91 80 68
98 72 95
86 86 98
90 81 79
97 73 44
74 96 82
92 79 34
76 95 92
72 98 80
78 93 47
81 91 95
77 94 59
99 71 44
72 98 74
95 76 12
95 75 77
88 84 73
92 80 85
73 97 88
98 71 36
74 96 90
92 79 5
84 88 84
93 79 26
93 79 21
99 71 98
72 98 16
88 84 40
80 92 32
71 99 15
87 86 19
97 74 83
99 71 28
77 95 72
76 95 66
92 81 23
78 94 15
99 71 35
88 85 32
83 90 23
78 94 84
90 82 44
75 96 43
99 72 5
95 76 58
73 98 68
80 92 15
80 93 40
83 90 49
86 87 77
98 74 22
87 85 64
85 88 78
80 93 62
77 95 55
79 93 91
91 81 68
77 95 62
92 80 16
85 88 39
72 99 49
83 90 86
80 93 1
95 77 15
75 97 95
89 84 34
80 93 98
78 94 83
82 91 82
84 89 81
83 90 18
83 90 81
92 82 61
87 87 46
83 90 61
83 91 34
93 80 8
83 91 89
72 99 70
99 73 92
77 96 68
76 96 29
82 91 11
96 77 16
76 97 54
93 81 10
93 81 99
80 94 43
73 99 19
77 96 44
76 97 7
92 82 46
96 78 92
90 84 41
81 93 34
79 94 69
77 96 70
78 95 47
82 92 14
78 96 50
87 87 23
96 77 56
77 96 46
98 75 62
79 95 56
94 80 42
80 94 79
90 85 20
89 86 94
80 94 10
95 80 51
76 97 70
82 93 40
74 99 37
92 83 34
99 75 45
98 76 30
89 86 48
81 94 94
92 83 79
87 88 99
81 94 64
81 94 64
91 84 77
86 89 24
76 98 51
88 87 47
81 94 77
96 79 55
80 95 65
79 96 43
89 87 83
88 87 44
84 92 30
90 85 94
76 98 97
84 91 9
77 98 64
84 92 50
96 80 52
98 77 29
96 80 0
85 91 81
97 79 12
94 82 59
97 78 5
96 79 82
87 89 76
77 98 95
79 96 51
83 93 36
95 81 35
77 98 22
95 80 81
97 78 90
91 86 10
81 95 69
91 86 4
78 98 71
78 98 80
95 82 96
79 97 7
90 87 86
94 83 34
96 80 39
96 81 15
82 95 85
94 83 98
76 99 71
91 87 6
79 98 56
81 96 37
98 79 9
78 98 62
90 87 19
87 90 8
95 82 45
93 84 23
84 93 19
94 83 83
96 81 98
93 85 22
93 85 51
93 85 68
92 86 47
79 98 98
98 79 68
96 82 87
86 92 51
82 95 75
92 86 60
92 86 54
90 88 27
83 94 51
88 90 33
80 98 78
93 85 23
92 86 30
94 84 76
86 93 9
90 88 21
94 84 97
99 78 62
87 91 65
92 87 16
90 89 19
84 94 96
88 91 26
82 96 11
98 80 9
86 93 29
95 84 66
85 94 83
90 89 96
82 96 57
96 82 71
85 93 76
99 79 93
86 93 96
83 96 40
89 90 39
93 86 85
99 80 73
91 88 6
93 87 20
81 98 94
89 91 69
86 94 24
83 96 3
95 84 46
98 81 71
98 81 35
80 99 19
92 88 92
90 90 67
87 93 23
89 90 50
85 95 76
97 82 73
98 81 60
80 99 84
96 83 1
94 87 93
98 82 55
82 98 51
97 83 87
82 98 27
95 86 48
96 85 32
98 82 85
83 97 13
84 97 40
82 98 83
93 87 2
93 87 73
99 80 35
92 88 17
95 85 36
87 94 25
97 83 90
93 89 84
84 97 50
83 98 53
95 86 95
84 97 8
81 99 42
82 99 98
90 92 70
84 97 63
99 81 0
87 95 0
89 92 28
97 84 94
87 95 38
93 89 37
91 91 34
88 94 8
82 99 3
98 83 87
97 85 97
94 89 74
85 97 20
99 83 98
98 85 77
85 97 49
87 95 92
86 97 0
84 98 61
83 99 63
84 98 7
86 97 60
96 87 81
94 89 46
99 83 59
90 94 78
84 99 18
93 91 24
88 95 2
88 95 68
91 92 0
94 89 98
92 92 80
96 87 1
96 88 75
95 88 92
87 97 7
84 99 33
94 90 94
90 94 49
94 90 58
86 97 42
95 89 94
85 99 81
98 86 38
90 94 91
87 97 31
90 94 65
89 96 91
97 88 16
97 88 71
93 92 23
98 86 75
98 86 14
90 95 11
96 88 93
89 95 32
95 89 91
95 90 98
97 87 52
90 95 59
87 97 58
91 94 34
97 88 65
99 86 3
91 95 18
90 95 59
94 92 45
90 95 21
89 97 79
94 92 18
98 88 57
90 96 49
88 98 91
91 95 56
89 97 39
88 98 83
97 89 19
95 92 21
91 96 67
96 90 44
88 99 42
94 93 36
88 99 56
88 99 96
96 91 96
98 89 60
88 99 96
88 99 34
91 96 79
94 94 48
88 99 70
91 97 73
95 93 85
90 98 51
93 95 50
99 89 11
94 94 7
91 97 45
91 97 78
95 93 88
90 99 35
98 90 7
97 92 98
91 97 21
94 94 2
95 94 75
91 98 85
89 99 23
94 95 49
99 90 45
99 90 97
97 93 50
99 90 81
95 94 80
97 93 36
92 98 76
96 94 69
99 91 32
96 93 5
99 91 85
93 97 21
91 99 69
93 97 4
94 96 80
95 95 98
93 98 92
97 94 90
94 97 45
95 96 57
97 95 23
92 99 18
95 97 90
99 93 50
99 93 76
92 99 17
98 94 28
93 99 16
93 99 96
99 94 35
97 95 49
99 93 78
98 95 63
95 98 44
95 98 68
96 97 40
97 96 58
96 97 54
99 95 32
99 95 20
99 95 95
98 96 59
96 98 72
99 95 51
96 98 88
96 98 24
99 96 67
99 96 16
96 99 32
96 99 14
99 98 38
98 99 85
99 98 23
98 99 50
98 99 52
99 99 54
