curs
63.9794
64.3352
64.3187
64.4326
64.6314
64.5158
64.7919
65.0395
65.2340
65.1243
65.1614
65.5547
65.3834
65.0583
64.9084
64.5394
64.4636
64.6106
64.4913
64.4156
64.5372
64.4888
64.6327
64.5598
64.8489
65.3001
65.4703
65.2287
65.2166
65.3350
64.6314
64.6917
64.7053
64.6794
63.9798
63.7906
63.7860
63.9602
64.0688
63.9450
64.2422
64.2469
64.5171
64.3991
64.7373
64.7766
65.3498
65.4072
65.3281
65.1639
65.4726
65.4176
64.7347
64.8012
64.5925
64.1683
64.4993
63.7705
63.7420
64.2803
64.3167
64.6694
65.4201
65.4021
65.5890
65.7674
66.0763
65.9646
65.8430
65.8004
65.7956
65.8145
65.8895
65.7570
65.6182
65.2582
65.5149
65.5401
65.8568
66.2022
66.2470
66.7044
66.5429
65.6783
65.7147
65.6517
66.0628
66.0199
65.6686
65.5691
65.5859
65.6601
65.3577
66.0987
66.3412
65.9300
65.9170
66.0016
66.3318
66.5499
66.3634
66.3309
66.4438
66.7617
67.0820
67.1920
66.9167
66.8605
67.0795
69.4706
69.5218
68.8762
68.8865
68.7448
68.4073
68.0085
67.3710
67.1121
66.7454
66.6208
66.4337
66.2550
66.4225
66.5022
66.2416
66.9227
66.7377
66.8242
66.4467
66.2921
66.5335
66.6342
66.9436
66.7800
66.5072
65.6664
65.6067
65.9485
65.5871
66.0081
65.9931
66.6159
67.9975
67.6812
67.5238
66.8497
66.2155
66.0918
65.9912
65.5799
65.6517
65.5962
65.7742
65.8129
65.6345
65.7476
65.6299
65.3101
65.3065
65.8140
65.7238
65.4026
65.5305
65.7508
65.9751
66.7727
66.1832
66.4032
66.9685
66.6270
66.2115
65.4244
65.2221
65.5745
65.5906
65.8355
65.7585
65.8244
66.1594
66.2497
66.4725
67.0098
67.7519
68.1958
68.2826
68.6370
69.5728
69.9744
69.8685
69.0286
68.2505
68.4628
68.2737
67.7443
68.0447
68.0821
68.1451
67.3911
67.3963
67.7911
68.5259
67.6163
67.1783
67.1807
66.8757
66.8932
66.3772
66.7535
68.2234
66.9075
66.2856
63.5950
63.5425
63.4975
63.4549
63.1358
62.5590
62.3497
62.7805
62.9726
62.9471
63.0836
62.9235
63.1957
63.4888
63.2746
62.9006
62.4352
62.2556
62.2934
62.2062
62.0980
62.4442
62.8338
63.1216
63.2604
63.2267
63.2194
63.1394
62.7565
63.2910
63.1359
62.7908
62.9497
63.2396
63.7873
63.6175
64.0683
63.4838
62.6851
62.2511
63.1164
62.3431
62.6680
61.8125
62.0064
61.9822
61.9290
62.2056
62.0188
62.5937
62.6420
62.2710
61.6659
61.4090
61.5945
61.2610
62.5327
61.9408
61.8215
62.3033
61.9164
61.7684
61.7354
62.5229
63.0066
62.7148
63.2012
63.4860
61.9997
62.7260
62.6027
61.7494
61.6644
61.7655
61.3222
60.8583
61.5539
61.1454
62.2794
61.4311
62.0659
64.0626
62.3699
58.5714
57.8332
57.5796
57.7646
57.5375
57.2850
57.2649
57.7626
57.5598
57.1747
57.0039
57.1072
56.8391
57.4954
57.7033
57.5521
57.4942
57.0188
56.9372
56.9359
56.6122
56.8011
56.5041
57.1000
56.6616
56.4334
56.3742
55.6717
55.9208
56.7608
56.6537
56.5201
56.3438
56.3554
56.5918
57.5899
57.7701
58.0171
58.1718
57.6736
56.9533
57.2196
56.6278
56.0408
56.2613
56.1840
56.2914
56.2908
55.8288
55.9288
56.3888
56.4115
56.6261
56.5892
56.7597
56.5925
56.3878
56.3569
56.6019
56.9957
56.8734
57.0463
57.6002
57.6291
57.4544
57.7343
58.1989
58.3152
58.5596
58.7170
58.6117
58.6940
58.8987
58.7082
59.1446
58.8370
59.2348
59.2811
59.2948
58.9281
58.6924
58.9911
58.5182
58.5814
58.3311
58.4125
58.2773
58.5318
58.4622
59.0061
59.4604
59.2746
59.6325
59.9898
60.2490
59.6207
59.1823
59.2808
59.2527
59.2480
58.4557
58.4296
58.0869
58.1557
58.1179
57.8716
58.0833
57.7643
57.6140
57.5852
57.4706
57.5118
57.5706
57.2721
57.3392
57.0861
57.6196
57.6869
57.9210
58.0713
58.3151
57.7612
57.5811
57.7832
57.9375
57.8134
58.0169
58.4255
58.0102
57.5186
57.5660
57.6527
58.2242
58.1290
58.0993
57.6242
57.5336
57.7706
57.6679
57.2656
57.1694
56.9966
57.1411
57.3387
57.8503
57.7817
58.0557
58.5454
58.7306
58.5320
58.5469
59.1476
59.1397
59.1312
59.0396
59.1409
59.3612
59.2490
59.6521
59.9266
59.7990
60.1873
59.9298
59.9611
59.9886
60.0605
60.3281
60.7503
60.5819
59.8454
60.0633
59.5436
59.4102
59.9102
59.8185
59.6572
58.9325
59.0823
59.2418
59.3705
59.0657
59.8806
60.1836
60.6227
60.7397
60.3014
60.3792
60.2426
59.5787
59.2295
58.9695
59.3862
59.0855
59.5415
58.8843
59.0014
59.6564
60.1482
60.0000
58.5786
57.9585
57.7408
57.4437
57.0303
56.9096
57.0020
56.9857
