<TICKER>,<PER>,<DTYYYYMMDD>,<OPEN>,<HIGH>,<LOW>,<CLOSE>,<VOL>,<OPENINT>
SiH9,D,20170310,,,,,,
SiH9,D,20170313,,,,,,
SiH9,D,20170314,,,,,,
SiH9,D,20170315,,,,,,
SiH9,D,20170316,,,,,,
SiH9,D,20170317,,,,,,
SiH9,D,20170320,,,,,,
SiH9,D,20170321,,,,,,
SiH9,D,20170322,,,,,,
SiH9,D,20170323,,,,,,
SiH9,D,20170324,,,,,,
SiH9,D,20170327,65210,65210,63119,64988,1232,362
SiH9,D,20170328,64864,64864,64750,64750,21,322
SiH9,D,20170329,64800,65574,64750,64750,54,222
SiH9,D,20170330,64710,64835,64500,64500,78,154
SiH9,D,20170331,64400,64904,64400,64904,32,148
SiH9,D,20170403,64800,64800,64800,64800,1,148
SiH9,D,20170404,64658,65393,64658,65200,13,144
SiH9,D,20170405,,,,,,144
SiH9,D,20170406,,,,,,144
SiH9,D,20170407,65305,65305,65305,65305,1,142
SiH9,D,20170410,,,,,,142
SiH9,D,20170411,,,,,,142
SiH9,D,20170412,65552,65552,65552,65552,1,144
SiH9,D,20170413,,,,,,144
SiH9,D,20170414,,,,,,144
SiH9,D,20170417,64988,64988,64988,64988,1,144
SiH9,D,20170418,,,,,,144
SiH9,D,20170419,,,,,,144
SiH9,D,20170420,64728,64728,64728,64728,1,146
SiH9,D,20170421,,,,,,146
SiH9,D,20170424,,,,,,146
SiH9,D,20170425,,,,,,146
SiH9,D,20170426,64865,64865,64865,64865,1,144
SiH9,D,20170427,65086,65086,65086,65086,1,144
SiH9,D,20170428,,,,,,144
SiH9,D,20170502,,,,,,144
SiH9,D,20170503,,,,,,144
SiH9,D,20170504,,,,,,144
SiH9,D,20170505,66409,66409,66409,66409,1,142
SiH9,D,20170510,65050,66540,65050,66526,6,142
SiH9,D,20170511,65402,65830,64340,65545,15,142
SiH9,D,20170512,65493,65493,65493,65493,1,142
SiH9,D,20170515,64706,64706,64706,64706,1,144
SiH9,D,20170516,,,,,,144
SiH9,D,20170517,,,,,,144
SiH9,D,20170518,65674,65674,65674,65674,1,142
SiH9,D,20170519,,,,,,142
SiH9,D,20170522,64672,64672,64672,64672,1,144
SiH9,D,20170523,64044,64044,64044,64044,1,144
SiH9,D,20170524,64502,64502,64360,64364,3,146
SiH9,D,20170525,64187,64187,64187,64187,1,144
SiH9,D,20170526,64859,65187,63865,64799,13,144
SiH9,D,20170529,,,,,,144
SiH9,D,20170530,,,,,,144
SiH9,D,20170531,,,,,,144
SiH9,D,20170601,64680,64680,64577,64577,3,144
SiH9,D,20170602,64250,64250,64250,64250,1,146
SiH9,D,20170605,,,,,,146
SiH9,D,20170606,,,,,,146
SiH9,D,20170607,64605,64665,64605,64665,6,134
SiH9,D,20170608,64625,64625,64625,64625,1,132
SiH9,D,20170609,,,,,,132
SiH9,D,20170613,63750,65199,63750,64642,3,134
SiH9,D,20170614,64581,64581,64581,64581,1,136
SiH9,D,20170615,64500,65148,64500,65148,7,136
SiH9,D,20170616,65183,65183,65183,65183,1,136
SiH9,D,20170619,65450,65450,65450,65450,5,136
SiH9,D,20170620,66750,67220,66676,67220,8,142
SiH9,D,20170621,67239,67251,67239,67251,3,138
SiH9,D,20170622,67590,67591,67590,67591,2,140
SiH9,D,20170623,,,,,,140
SiH9,D,20170626,66004,66004,66004,66004,1,140
SiH9,D,20170627,65818,66568,65818,66568,6,144
SiH9,D,20170628,,,,,,144
SiH9,D,20170629,66562,66562,66562,66562,1,146
SiH9,D,20170630,66420,66659,66175,66175,5,138
SiH9,D,20170703,65733,66496,65733,66496,4,136
SiH9,D,20170704,,,,,,136
SiH9,D,20170705,66968,67109,66968,67109,2,136
SiH9,D,20170706,67528,67528,67528,67528,1,138
SiH9,D,20170707,67550,67550,67550,67550,1,138
SiH9,D,20170710,,,,,,138
SiH9,D,20170711,68000,68000,68000,68000,5,138
SiH9,D,20170712,67769,67803,67769,67803,2,138
SiH9,D,20170713,67000,67000,67000,67000,2,134
SiH9,D,20170714,66850,66850,66380,66380,4,128
SiH9,D,20170717,66549,66549,66549,66549,1,130
SiH9,D,20170718,,,,,,130
SiH9,D,20170719,66563,66563,66255,66255,5,138
SiH9,D,20170720,66482,66482,66482,66482,1,138
SiH9,D,20170721,,,,,,138
SiH9,D,20170724,,,,,,138
SiH9,D,20170725,67793,67931,67500,67600,56,162
SiH9,D,20170726,67300,67300,67300,67300,5,172
SiH9,D,20170727,66807,67090,66807,66929,3,176
SiH9,D,20170728,,,,,,176
SiH9,D,20170731,67400,67550,67400,67550,5,184
SiH9,D,20170801,67664,67664,67664,67664,1,184
SiH9,D,20170802,,,,,,184
SiH9,D,20170803,,,,,,184
SiH9,D,20170804,,,,,,184
SiH9,D,20170807,,,,,,184
SiH9,D,20170808,,,,,,184
SiH9,D,20170809,,,,,,184
SiH9,D,20170810,,,,,,184
SiH9,D,20170811,67798,67798,67798,67798,1,186
SiH9,D,20170814,67441,67441,67441,67441,1,188
SiH9,D,20170815,,,,,,188
SiH9,D,20170816,,,,,,188
SiH9,D,20170817,66620,66620,66455,66455,2,192
SiH9,D,20170818,,,,,,192
SiH9,D,20170821,66000,66000,66000,66000,5,202
SiH9,D,20170822,,,,,,202
SiH9,D,20170823,65859,66060,65859,66000,6,202
SiH9,D,20170824,66452,66452,65807,66000,5,202
SiH9,D,20170825,65800,65800,65666,65666,6,214
SiH9,D,20170828,65350,65417,65350,65417,2,216
SiH9,D,20170829,65666,65829,65666,65829,6,226
SiH9,D,20170830,65451,65451,65451,65451,1,226
SiH9,D,20170831,65500,65500,64771,64966,14,240
SiH9,D,20170901,64666,64780,64195,64210,18,258
SiH9,D,20170904,64790,64790,64790,64790,1,260
SiH9,D,20170905,64666,64666,64368,64540,8,276
SiH9,D,20170906,64532,64534,64532,64534,4,276
SiH9,D,20170907,63966,63966,63666,63666,6,288
SiH9,D,20170908,64673,64673,63866,63866,6,298
SiH9,D,20170911,,,,,,298
SiH9,D,20170912,63866,64011,63866,64011,6,294
SiH9,D,20170913,64024,64127,63768,64127,4,298
SiH9,D,20170914,64611,64611,64191,64191,2,300
SiH9,D,20170915,63957,64414,63957,64414,2,300
SiH9,D,20170918,64505,64505,64245,64422,9,308
SiH9,D,20170919,64550,64750,64550,64576,11,308
SiH9,D,20170920,,,,,,308
SiH9,D,20170921,64825,64840,64129,64129,85,338
SiH9,D,20170922,64000,64000,64000,64000,1,340
SiH9,D,20170925,63400,63400,62460,63007,42,292
SiH9,D,20170926,,,,,,292
SiH9,D,20170927,63685,63685,63450,63450,2,292
SiH9,D,20170928,63887,63974,63620,63620,4,296
SiH9,D,20170929,,,,,,296
SiH9,D,20171002,63500,63500,63500,63500,10,314
SiH9,D,20171003,63300,63300,63300,63300,10,318
SiH9,D,20171004,63000,63000,63000,63000,1,318
SiH9,D,20171005,,,,,,318
SiH9,D,20171006,62948,63268,62948,62950,5,328
SiH9,D,20171009,63801,63990,63593,63593,8,334
SiH9,D,20171010,,,,,,334
SiH9,D,20171011,,,,,,334
SiH9,D,20171012,63081,63081,62840,62943,8,336
SiH9,D,20171013,62843,62843,62400,62400,2,338
SiH9,D,20171016,62518,62663,62175,62175,9,348
SiH9,D,20171017,62191,62228,62191,62208,8,350
SiH9,D,20171018,62146,62237,62146,62237,2,350
SiH9,D,20171019,62393,62393,62393,62393,1,350
SiH9,D,20171020,,,,,,350
SiH9,D,20171023,,,,,,350
SiH9,D,20171024,62201,62201,62112,62112,13,350
SiH9,D,20171025,,,,,,350
SiH9,D,20171026,62291,62497,62291,62497,5,352
SiH9,D,20171027,62617,63466,62617,63402,11,370
SiH9,D,20171030,,,,,,370
SiH9,D,20171031,62808,62808,62808,62808,1,370
SiH9,D,20171101,,,,,,370
SiH9,D,20171102,,,,,,370
SiH9,D,20171103,63086,63590,63086,63590,6,370
SiH9,D,20171107,63250,63250,63250,63250,4,370
SiH9,D,20171108,63871,63871,63750,63750,2,372
SiH9,D,20171109,63850,63850,63850,63850,4,376
SiH9,D,20171110,,,,,,376
SiH9,D,20171113,64000,64000,64000,64000,5,384
SiH9,D,20171114,64300,64300,64300,64300,5,374
SiH9,D,20171115,64700,64700,64700,64700,6,364
SiH9,D,20171116,,,,,,364
SiH9,D,20171117,,,,,,364
SiH9,D,20171120,,,,,,364
SiH9,D,20171121,,,,,,364
SiH9,D,20171122,63779,63779,63500,63500,6,374
SiH9,D,20171123,,,,,,374
SiH9,D,20171124,,,,,,374
SiH9,D,20171127,62831,63003,62831,63003,4,374
SiH9,D,20171128,,,,,,374
SiH9,D,20171129,62925,62925,62925,62925,1,374
SiH9,D,20171130,,,,,,374
SiH9,D,20171201,63150,63259,62940,62986,9,376
SiH9,D,20171204,63391,63391,63391,63391,2,380
SiH9,D,20171205,62999,63344,62987,63344,11,380
SiH9,D,20171206,63440,63440,63440,63440,2,380
SiH9,D,20171207,63480,63480,63480,63480,2,380
SiH9,D,20171208,63486,63486,63475,63475,9,390
SiH9,D,20171211,,,,,,390
SiH9,D,20171212,,,,,,390
SiH9,D,20171213,62663,62937,62663,62937,11,390
SiH9,D,20171214,62500,62600,62500,62600,2,394
SiH9,D,20171215,,,,,,394
SiH9,D,20171218,62412,62412,62410,62410,4,394
SiH9,D,20171219,62411,62477,62396,62477,10,394
SiH9,D,20171220,,,,,,394
SiH9,D,20171221,62676,62676,62676,62676,1,396
SiH9,D,20171222,62447,62447,62326,62326,7,396
SiH9,D,20171225,62033,62033,61900,61900,4,400
SiH9,D,20171226,61843,61843,61400,61497,13,410
SiH9,D,20171227,61301,64070,61258,61457,55,428
SiH9,D,20171228,61250,61301,61080,61080,14,436
SiH9,D,20171229,,,,,,436
SiH9,D,20180103,,,,,,436
SiH9,D,20180104,,,,,,436
SiH9,D,20180105,,,,,,436
SiH9,D,20180109,60600,60600,60311,60500,9,434
SiH9,D,20180110,60400,60500,60400,60400,23,442
SiH9,D,20180111,60622,60622,60300,60300,6,452
SiH9,D,20180112,60125,60150,60088,60150,7,466
SiH9,D,20180115,59800,59800,59770,59800,7,470
SiH9,D,20180116,,,,,,470
SiH9,D,20180117,,,,,,470
SiH9,D,20180118,60100,60100,59880,59880,27,520
SiH9,D,20180119,,,,,,520
SiH9,D,20180122,,,,,,520
SiH9,D,20180123,59750,59750,59750,59750,7,534
SiH9,D,20180124,,,,,,534
SiH9,D,20180125,59055,59055,58903,58920,3,534
SiH9,D,20180126,59056,59056,59056,59056,1,536
SiH9,D,20180129,58903,59558,57900,59558,12,536
SiH9,D,20180130,,,,,,536
SiH9,D,20180131,59570,59570,59400,59400,13,560
SiH9,D,20180201,59250,59250,59250,59250,1,558
SiH9,D,20180202,,,,,,558
SiH9,D,20180205,59800,59900,59800,59900,3,556
SiH9,D,20180206,60060,60250,60040,60150,11,556
SiH9,D,20180207,,,,,,556
SiH9,D,20180208,60379,60900,60379,60900,17,542
SiH9,D,20180209,61300,61300,60640,61200,26,526
SiH9,D,20180212,61568,61574,60950,60950,9,530
SiH9,D,20180213,60690,60690,60667,60667,4,530
SiH9,D,20180214,60220,60220,60220,60220,5,528
SiH9,D,20180215,59488,59555,59488,59555,4,528
SiH9,D,20180216,59107,59129,59104,59104,7,536
SiH9,D,20180219,,,,,,536
SiH9,D,20180220,59500,59500,59354,59354,10,556
SiH9,D,20180221,,,,,,556
SiH9,D,20180222,59275,59403,59275,59403,9,574
SiH9,D,20180226,58875,58989,58466,58497,63,568
SiH9,D,20180227,58473,58567,58163,58567,62,664
SiH9,D,20180228,58622,58890,58622,58890,13,688
SiH9,D,20180301,58820,59251,58820,59251,5,692
SiH9,D,20180302,59140,59751,59140,59751,8,706
SiH9,D,20180305,59275,59565,59167,59277,20,736
SiH9,D,20180306,58772,58781,57500,58746,46,796
SiH9,D,20180307,59078,59275,59000,59005,36,810
SiH9,D,20180309,59039,59143,59039,59143,6,822
SiH9,D,20180312,,,,,,822
SiH9,D,20180313,59262,59262,58960,59054,5,824
SiH9,D,20180314,59054,60061,59054,59271,21,816
SiH9,D,20180315,59265,59633,59265,59505,144,944
SiH9,D,20180316,59590,59660,59590,59600,22,984
SiH9,D,20180319,59760,60080,59760,60080,126,1208
SiH9,D,20180320,59990,60080,59775,59799,113,1274
SiH9,D,20180321,59620,59640,59100,59320,288,1354
SiH9,D,20180322,59240,59251,58780,59098,39,1358
SiH9,D,20180323,59150,59208,59040,59110,47,1408
SiH9,D,20180326,59380,59380,59380,59380,1,1410
SiH9,D,20180327,59111,59430,59111,59430,41,1454
SiH9,D,20180328,,,,,,1454
SiH9,D,20180329,59730,59730,59730,59730,1,1454
SiH9,D,20180330,,,,,,1454
SiH9,D,20180402,59130,59130,58990,58990,210,1834
SiH9,D,20180403,59590,59591,59590,59591,3,1838
SiH9,D,20180404,59680,59680,59680,59680,2,1842
SiH9,D,20180405,59572,59742,59572,59675,32,1844
SiH9,D,20180406,60000,60000,60000,60000,1,1844
SiH9,D,20180409,60600,62600,60550,62600,483,1478
SiH9,D,20180410,62182,66010,62163,64890,1724,3218
SiH9,D,20180411,65375,67360,65137,66350,214,3432
SiH9,D,20180412,65100,65240,64040,64170,228,3040
SiH9,D,20180413,63676,64500,63676,64500,8,3034
SiH9,D,20180416,64546,64701,64220,64664,293,2740
SiH9,D,20180417,64500,64509,63130,63875,2299,2742
SiH9,D,20180418,63750,64050,63390,63390,116,2922
SiH9,D,20180419,63220,63330,63000,63150,33,2904
SiH9,D,20180420,63450,63650,63430,63550,14,2926
SiH9,D,20180423,63570,64240,63570,64050,42,2986
SiH9,D,20180424,64080,64080,63740,63780,6,2986
SiH9,D,20180425,63680,64370,63680,64370,9,2980
SiH9,D,20180426,64940,65170,64920,65000,759,4482
SiH9,D,20180427,64900,64900,64000,64000,36,4482
SiH9,D,20180428,64500,64500,64500,64500,6,4482
SiH9,D,20180430,65040,65210,65040,65210,10,4466
SiH9,D,20180502,65195,66290,65195,66200,77,4602
SiH9,D,20180503,66090,66090,66000,66000,251,5104
SiH9,D,20180504,65500,65500,65130,65130,6,5116
SiH9,D,20180507,64920,64960,64920,64960,14,5092
SiH9,D,20180508,65250,65670,65250,65670,41,5126
SiH9,D,20180510,65520,65520,64110,64190,225,5132
SiH9,D,20180511,63888,64090,63650,63980,117,5094
SiH9,D,20180514,63760,63820,63760,63820,2,5092
SiH9,D,20180515,64238,64800,64230,64800,342,5080
SiH9,D,20180516,64488,64620,64288,64300,12,5080
SiH9,D,20180517,63838,64015,63838,63845,319,5090
SiH9,D,20180518,64288,64600,64288,64500,390,4952
SiH9,D,20180521,64630,65008,64008,64008,129,4948
SiH9,D,20180522,63655,63720,63088,63100,222,4950
SiH9,D,20180523,63460,63776,63300,63300,13,4950
SiH9,D,20180524,63340,63550,63290,63540,5,4942
SiH9,D,20180525,63540,64001,63440,63951,27,4948
SiH9,D,20180528,64160,64288,64160,64275,215,5352
SiH9,D,20180529,64488,64700,64488,64600,3058,11448
SiH9,D,20180530,64670,64725,64088,64088,813,11464
SiH9,D,20180531,63860,64120,63860,64090,10,11444
SiH9,D,20180601,64240,64388,63920,63920,29,11448
SiH9,D,20180604,63800,63810,63788,63810,16,11464
SiH9,D,20180605,63688,63988,63688,63988,15,11464
SiH9,D,20180606,63688,63688,63688,63688,5,11464
SiH9,D,20180607,63640,63990,63540,63990,18,11464
SiH9,D,20180608,64188,64538,64138,64138,34,11474
SiH9,D,20180609,,,,,,11474
SiH9,D,20180611,64338,64338,64320,64320,8,11470
SiH9,D,20180613,64538,64938,64181,64181,82,11590
SiH9,D,20180614,64388,64388,63788,64008,53,11626
SiH9,D,20180615,64020,65000,64020,64997,60,11658
SiH9,D,20180618,65137,65607,65100,65349,1914,14510
SiH9,D,20180619,65681,66030,65660,65660,1482,16928
SiH9,D,20180620,65590,65680,65400,65400,65,16980
SiH9,D,20180621,65638,65660,65310,65560,781,17122
SiH9,D,20180622,65555,65600,64688,64820,229,16984
SiH9,D,20180625,64580,64742,64419,64680,281,17282
SiH9,D,20180626,64908,65038,64888,64888,32,17302
SiH9,D,20180627,64788,65020,64688,64688,1554,15280
SiH9,D,20180628,64838,65088,64688,64700,17,15280
SiH9,D,20180629,64388,64490,64241,64254,260,15278
SiH9,D,20180702,64638,64988,64588,64988,17,15278
SiH9,D,20180703,65088,65146,64640,64827,1042,15278
SiH9,D,20180704,64725,64930,64725,64870,313,14718
SiH9,D,20180705,64876,64876,64688,64688,23,14722
SiH9,D,20180706,64538,64538,64488,64488,7,14736
SiH9,D,20180709,64565,64565,64150,64150,54,14698
SiH9,D,20180710,64001,64058,63550,63550,164,14684
SiH9,D,20180711,63473,63788,63210,63215,66,14680
SiH9,D,20180712,63614,63618,63435,63618,14,14680
SiH9,D,20180713,63820,63850,63687,63750,172,14682
SiH9,D,20180716,63988,64160,63688,63739,13,14684
SiH9,D,20180717,63900,63988,63880,63988,43,14658
SiH9,D,20180718,64005,64688,64005,64688,49,14676
SiH9,D,20180719,64460,65088,64460,65088,81,14706
SiH9,D,20180720,65180,65243,64787,64920,1115,16758
SiH9,D,20180723,65038,65038,64488,64638,74,16796
SiH9,D,20180724,64561,64561,64188,64309,45,16826
SiH9,D,20180725,64834,64868,64288,64438,52,16774
SiH9,D,20180726,64500,64520,64320,64320,36,16754
SiH9,D,20180727,64317,64460,64195,64195,26,16754
SiH9,D,20180730,64290,64290,63670,63776,88,16734
SiH9,D,20180731,63736,63870,63736,63804,21,16730
SiH9,D,20180801,63679,64350,63679,64350,22,16720
SiH9,D,20180802,64465,64950,64448,64768,63,16732
SiH9,D,20180803,64832,64960,64656,64656,1290,16752
SiH9,D,20180806,64888,65188,64864,65188,900,18052
SiH9,D,20180807,65180,65215,64838,64900,39,18084
SiH9,D,20180808,64980,66550,64980,66449,3799,22186
SiH9,D,20180809,66418,68217,66410,67800,2058,20126
SiH9,D,20180810,68000,69300,68000,69300,237,20392
SiH9,D,20180813,69380,70120,69176,69600,1474,20306
SiH9,D,20180814,69530,69530,67978,68125,6894,33374
SiH9,D,20180815,68052,69285,67913,69285,385,33516
SiH9,D,20180816,69114,69114,68221,68338,3931,39914
SiH9,D,20180817,68488,69200,68416,69040,1223,37900
SiH9,D,20180820,68700,68780,68570,68707,5016,47892
SiH9,D,20180821,68700,69050,68515,68930,346,48314
SiH9,D,20180822,68667,69564,68663,69256,2113,51840
SiH9,D,20180823,69463,70500,68970,69758,524,51620
SiH9,D,20180824,69758,69758,68777,68958,2755,56364
SiH9,D,20180827,68738,68920,68430,68625,391,55976
SiH9,D,20180828,68600,69090,68600,69090,17,55982
SiH9,D,20180829,69235,69746,69160,69706,441,56322
SiH9,D,20180830,69500,69770,69270,69757,80,56340
SiH9,D,20180831,69840,69840,68820,69109,531,56820
SiH9,D,20180903,69110,69570,68938,69570,330,57078
SiH9,D,20180904,69584,69950,69570,69577,1173,57018
SiH9,D,20180905,69548,70040,69520,69902,3078,57876
SiH9,D,20180906,69701,71010,69640,70867,4430,64880
SiH9,D,20180907,70838,71250,70227,70961,2006,67984
SiH9,D,20180910,71093,71963,70973,71963,941,67954
SiH9,D,20180911,71993,72093,71039,71150,657,67978
SiH9,D,20180912,71111,71231,70100,70237,3684,68366
SiH9,D,20180913,70216,70838,69354,69806,3197,70720
SiH9,D,20180914,69830,69830,68813,69208,8126,84382
SiH9,D,20180917,69350,70000,69217,69267,8478,98964
SiH9,D,20180918,69297,69327,68593,68682,6405,111238
SiH9,D,20180919,68629,68741,67950,68026,1238,111336
SiH9,D,20180920,68100,68114,67471,67650,8321,113716
SiH9,D,20180921,67566,68080,67376,67835,5087,112770
SiH9,D,20180924,67751,67836,66942,67066,3735,116248
SiH9,D,20180925,67024,67215,66719,67050,6399,116358
SiH9,D,20180926,67043,67319,66890,67150,5648,116858
SiH9,D,20180927,67129,67174,66802,66849,3938,117020
SiH9,D,20180928,66755,67096,66401,66640,5099,117056
SiH9,D,20181001,66560,66875,66477,66509,4535,117400
SiH9,D,20181002,66508,66809,66014,66510,7786,118436
SiH9,D,20181003,66417,66970,66381,66900,4388,117096
SiH9,D,20181004,66880,68180,66822,68120,16164,119506
SiH9,D,20181005,68148,68300,67617,67836,5524,121156
SiH9,D,20181008,67860,68328,67800,67926,11687,125552
SiH9,D,20181009,67955,68119,67522,67637,7842,125394
SiH9,D,20181010,67644,67993,67240,67950,5316,125512
SiH9,D,20181011,67901,68225,67340,67515,21519,140972
SiH9,D,20181012,67402,67510,67053,67457,10171,148882
SiH9,D,20181015,67500,67586,66425,66737,6421,148766
SiH9,D,20181016,66798,66850,66361,66361,4018,149274
SiH9,D,20181017,66411,66800,66378,66416,3190,148782
SiH9,D,20181018,66500,66986,66442,66843,1995,148624
SiH9,D,20181019,66865,67050,66451,66688,2318,148960
SiH9,D,20181022,66510,66724,66100,66250,3375,150380
SiH9,D,20181023,66250,66741,66241,66690,3118,149504
SiH9,D,20181024,66753,66891,66051,66605,10674,151798
SiH9,D,20181025,66527,67110,66351,66678,7042,151456
SiH9,D,20181026,66610,67030,66534,66860,5231,150902
SiH9,D,20181029,66910,67018,66515,66632,4628,153534
SiH9,D,20181030,66763,66931,66588,66588,1973,153596
SiH9,D,20181031,66658,66918,66588,66871,2344,153774
SiH9,D,20181101,66788,66952,66610,66753,8139,157450
SiH9,D,20181102,66733,67175,66542,67020,9114,154196
SiH9,D,20181106,67067,67310,66771,67021,6137,156490
SiH9,D,20181107,67019,67261,66850,67163,3551,157304
SiH9,D,20181108,67187,67585,67132,67532,9769,157036
SiH9,D,20181109,67528,68680,67480,68498,20923,161768
SiH9,D,20181112,68575,71105,68217,68701,10185,166310
SiH9,D,20181113,68760,69220,68617,69155,16019,178586
SiH9,D,20181114,69150,69370,68070,68106,21390,179538
SiH9,D,20181115,68145,68376,67356,67488,15293,188996
SiH9,D,20181116,67433,67441,66688,66860,20473,192318
SiH9,D,20181119,66901,67152,66810,66897,12021,198466
SiH9,D,20181120,66871,67167,66501,67057,16555,204586
SiH9,D,20181121,67038,67270,66733,66868,13594,211286
SiH9,D,20181122,66872,66894,66400,66595,14414,220524
SiH9,D,20181123,66510,67304,66509,67189,31900,246046
SiH9,D,20181126,67255,68315,67092,68009,53698,275768
SiH9,D,20181127,68068,68178,67409,67975,39070,283706
SiH9,D,20181128,67942,68462,67694,68334,27681,283734
SiH9,D,20181129,68374,68392,67035,67035,55216,313670
SiH9,D,20181130,67035,67900,66829,67795,34994,323138
SiH9,D,20181203,67809,68080,66920,67441,52102,348516
SiH9,D,20181204,67507,67565,67034,67415,46396,364710
SiH9,D,20181205,67402,67769,67340,67640,95056,415856
SiH9,D,20181206,67590,68049,67300,67787,96798,465388
SiH9,D,20181207,67800,67972,66783,66968,97068,507204
SiH9,D,20181210,66983,67367,66930,67224,72534,520024
SiH9,D,20181211,67300,67475,67000,67230,61290,556024
SiH9,D,20181212,67220,67299,66872,67098,109293,611724
SiH9,D,20181213,67070,67235,66875,67081,138580,686092
SiH9,D,20181214,67072,67547,66941,67470,232765,822348
SiH9,D,20181217,67458,67539,67155,67440,263912,1008406
SiH9,D,20181218,67432,67790,67276,67655,502601,1215384
SiH9,D,20181219,67684,68580,67684,68349,1086051,1803852
SiH9,D,20181220,68321,69019,67750,68977,2304608,2136574
SiH9,D,20181221,68965,69465,68586,69375,2705101,2164882
SiH9,D,20181224,69387,69871,68900,68977,2300700,2166580
SiH9,D,20181225,69009,69750,69006,69552,1393087,2217254
SiH9,D,20181226,69565,70248,69356,69719,1787113,2253596
SiH9,D,20181227,69768,70331,69277,70128,2703370,2176670
SiH9,D,20181228,70198,70500,69887,70350,1733838,2045330
SiH9,D,20181229,70322,70623,70058,70582,656671,2027118
SiH9,D,20190103,70540,70620,69400,69545,1295801,2020456
SiH9,D,20190104,69498,69502,68400,68473,1339043,1896146
SiH9,D,20190108,68460,68512,67512,67691,1652243,1982398
SiH9,D,20190109,67667,67905,67307,67622,1499254,2114056
SiH9,D,20190110,67601,67997,67289,67788,1637636,2363098
SiH9,D,20190111,67780,67782,67390,67600,1448515,2402154
SiH9,D,20190114,67593,67914,67461,67603,1322383,2399212
SiH9,D,20190115,67602,67750,67466,67488,1154071,2384290
SiH9,D,20190116,67500,67637,66979,67082,1595443,2462500
SiH9,D,20190117,67094,67281,66817,67226,1360080,2460400
SiH9,D,20190118,67216,67216,66691,66812,1527510,2339840
SiH9,D,20190121,66794,67030,66650,66928,1001361,2330164
SiH9,D,20190122,66920,67174,66838,67029,1120260,2365870
SiH9,D,20190123,67042,67088,66619,66697,1354654,2357376
SiH9,D,20190124,66680,66717,66230,66274,1478487,2382954
SiH9,D,20190125,66241,66750,66174,66487,1622744,2380868
SiH9,D,20190128,66484,66686,66280,66629,1201402,2488550
SiH9,D,20190129,66663,66900,66466,66491,1544069,2396452
SiH9,D,20190130,66511,66644,66300,66494,1225547,2350574
SiH9,D,20190131,66453,66453,65600,65844,2060476,2417920
SiH9,D,20190201,65850,66172,65722,66056,1614091,2415300
SiH9,D,20190204,66020,66143,65772,66082,1025164,2428012
SiH9,D,20190205,66061,66085,65809,65990,1331717,2264086
SiH9,D,20190206,65971,66330,65941,66230,1382344,2609946
SiH9,D,20190207,66201,66535,66104,66279,1271240,2554664
SiH9,D,20190208,66288,66549,65957,66035,1350373,2471886
SiH9,D,20190211,66056,66213,65865,66183,1313257,2414900
SiH9,D,20190212,66189,66251,65819,66004,1209612,2427012
SiH9,D,20190213,65978,66587,65858,66081,1548560,2485978
SiH9,D,20190214,66085,67468,66068,67410,2963136,2477610
SiH9,D,20190215,67440,67486,66816,66884,1478510,2353090
SiH9,D,20190218,66901,66912,66360,66419,1086489,2469992
SiH9,D,20190219,66435,66643,66281,66293,1048583,2367838
SiH9,D,20190220,66285,66285,65820,65880,1248521,2382816
SiH9,D,20190221,65865,65989,65629,65716,1053537,2353238
SiH9,D,20190222,65718,65916,65563,65660,1111106,2377542
SiH9,D,20190225,65652,65698,65377,65608,1220520,2445958
SiH9,D,20190226,65636,66130,65617,66070,1326179,2743008
SiH9,D,20190227,66077,66236,65862,66086,1344882,2693054
SiH9,D,20190228,66084,66147,65880,66082,1217446,2504120
SiH9,D,20190301,66076,66135,65760,65936,1480849,2604070
SiH9,D,20190304,65930,66123,65794,65867,1221907,2615498
SiH9,D,20190305,65886,66012,65814,65952,1085822,2464358
SiH9,D,20190306,65949,66200,65893,66150,1356887,2590734
SiH9,D,20190307,66136,66290,65955,66232,1338740,2441738
SiH9,D,20190311,66257,66414,66049,66095,1052177,2297258
SiH9,D,20190312,66109,66144,65723,65746,1252713,2444422
SiH9,D,20190313,65765,65790,65405,65500,1006800,2441398
SiH9,D,20190314,65506,65668,65378,65590,1205051,2255444
SiH9,D,20190315,65570,65630,65174,65246,1301720,2276508
SiH9,D,20190318,65200,65242,64158,64491,1854766,2032276
SiH9,D,20190319,64479,64600,64194,64423,1224775,1782492
SiH9,D,20190320,64401,64515,64200,64308,1056423,1460630
SiH9,D,20190321,64320,64382,63652,63733,925111,